4259343;26015879;3092764697;
4259343;3092764697;3713666408;
4259343;3713666408;3092764705;
4259343;3092764705;3713666409;
4259343;3713666409;25532146;
4259343;25532146;3713666412;
4259343;3713666412;3092764699;
4259343;3092764699;3713666415;
4259343;3713666415;25532145;
4259343;25532145;3713666420;
4259343;3713666420;3092764710;
4259343;3092764710;25532144;
4259343;25532144;3713667325;
4259343;3713667325;26122713;
4259344;26122714;3713667326;
4259344;3713667326;25532193;
4259344;25532193;3713666418;
4259344;3713666418;25532222;
4259345;26122714;25532197;
4259345;25532197;3713667327;
4259345;3713667327;3713666423;
4259345;3713666423;3713666422;
4259345;3713666422;25532199;
4259345;25532199;3713666421;
4259345;3713666421;3713666419;
4259345;3713666419;25532200;
4259345;25532200;3713666416;
4259345;3713666416;3713666414;
4259345;3713666414;3713666413;
4259345;3713666413;25532201;
4259345;25532201;25532202;
4259345;25532202;26015889;
4306660;26122784;3713963423;
4306660;3713963423;112652825;
4306660;112652825;3713963419;
4306660;3713963419;3713963417;
4306660;3713963417;3713963414;
4306660;3713963414;26057776;
4306660;26057776;3713963410;
4306660;3713963410;112652828;
4306660;112652828;3713963406;
4306660;3713963406;26057774;
4306660;26057774;3713963404;
4306660;3713963404;112652829;
4306660;112652829;3713963407;
4306660;3713963407;26057772;
4306660;26057772;3713963411;
4306660;3713963411;3713963412;
4306660;3713963412;112652830;
4306660;112652830;3713963418;
4306660;3713963418;3713963420;
4306660;3713963420;26057769;
4306660;26057769;3713963421;
4306660;3713963421;3713963422;
4306660;3713963422;112652831;
4306660;112652831;3713963424;
4306660;3713963424;26057767;
4306660;26057767;112652832;
4306660;112652832;3713963928;
4306660;3713963928;3713963929;
4306660;3713963929;3713963930;
4306660;3713963930;26057764;
4306660;26057764;112652833;
4306660;112652833;26057762;
4306660;26057762;3713963934;
4306660;3713963934;3713963933;
4306660;3713963933;3713963932;
4306660;3713963932;112652932;
4306661;26057853;3713963415;
4306661;3713963415;3713963413;
4306661;3713963413;26057854;
4306661;26057854;3713963408;
4306661;3713963408;112654450;
4306661;112654450;3713963403;
4306661;3713963403;3713963401;
4306661;3713963401;112654452;
4306661;112654452;3713963399;
4306661;3713963399;26057855;
4306661;26057855;3713963397;
4306661;3713963397;112653914;
4306661;112653914;3713963395;
4306661;3713963395;26057856;
4306661;26057856;3713963392;
4306661;3713963392;112653915;
4306661;112653915;3713963393;
4306661;3713963393;3713963394;
4306661;3713963394;26057857;
4306661;26057857;3713963396;
4306661;3713963396;112653406;
4306661;112653406;3713963398;
4306661;3713963398;26057858;
4306661;26057858;3713963400;
4306661;3713963400;26122720;
4306662;3139458027;3139458019;
4306662;3139458019;26057847;
4306662;26057847;26057848;
4306662;26057848;3139458026;
4306662;3139458026;3713963925;
4306662;3713963925;3713963926;
4306662;3713963926;26057849;
4306662;26057849;3713963931;
4306662;3713963931;3713963935;
4306662;3713963935;3713963938;
4306662;3713963938;26057850;
4306662;26057850;3713963941;
4306662;3713963941;26057852;
4306662;26057852;26122724;
13798046;128580161;2490198492;
13798046;2490198492;128580163;
13798046;128580163;128580166;
13798046;128580166;128579822;
13798046;128579822;3092764690;
13798046;3092764690;128579825;
13798089;128581932;2490198488;
13798089;2490198488;128581937;
13798105;2490198483;2490198482;
13798158;3092764704;128587399;
13798158;128587399;128587401;
13798158;128587401;128587402;
13798158;128587402;128587405;
13798158;128587405;128587408;
13798158;128587408;128587410;
13798158;128587410;128587416;
13798192;128587416;128588840;
13798192;128588840;128588844;
13798192;128588844;128588845;
13798192;128588845;128588848;
13798192;128588848;128588850;
13798192;128588850;128588853;
13798192;128588853;128588856;
13798192;128588856;128588858;
13798242;3092764696;128578693;
13798242;128578693;128578696;
13798242;128578696;128578699;
13798242;128578699;128578701;
13798242;128578701;128578702;
13798272;128607704;128594096;
13798272;128594096;128594097;
13798272;128594097;128594098;
13798272;128594098;128594099;
13798272;128594099;128594102;
13798272;128594102;128594103;
13798272;128594103;128594106;
13798272;128594106;128594107;
13798272;128594107;128594109;
13798272;128594109;128594110;
13798272;128594110;128594112;
13798272;128594112;2490198489;
13798272;2490198489;3092764702;
13798272;3092764702;128579825;
13798291;128588858;2354389954;
13798291;2354389954;2354389956;
13798291;2354389956;2354389958;
13798291;2354389958;2354389944;
13798291;2354389944;2354389953;
13798291;2354389953;2354389946;
13798291;2354389946;2354389945;
13798291;2354389945;2354389955;
13798291;2354389955;2354389948;
13798291;2354389948;2354389949;
13798291;2354389949;2354389950;
13798291;2354389950;128580161;
13798541;128583031;2490198483;
13798545;128583033;4452315949;
13798545;4452315949;128578706;
13798575;128591054;128591056;
13798575;128591056;128591059;
13798575;128591059;128591062;
13798575;128591062;128591064;
13798575;128591064;128591066;
13798575;128591066;128591068;
13798575;128591068;128591070;
13798575;128591070;128591072;
13798575;128591072;128591075;
26248559;287458431;4378186376;
26248559;4378186376;4378186209;
26248559;4378186209;4378186138;
26248559;4378186138;2156104173;
26248559;2156104173;4378185977;
26248559;4378185977;4378185958;
26248559;4378185958;287458429;
26248559;287458429;2156098702;
26248559;2156098702;4378185663;
26248559;4378185663;2156104175;
26248559;2156104175;4378185615;
26248559;4378185615;430006697;
26248559;430006697;287458442;
26248559;287458442;287458440;
26248559;287458440;3554953684;
26248559;3554953684;4210849144;
26248559;4210849144;4210849143;
26248559;4210849143;4202779474;
26248559;4202779474;412246600;
26248564;411506246;444011315;
26248564;444011315;444004669;
26248564;444004669;4718388084;
26248564;4718388084;444004670;
26248564;444004670;444004671;
26248564;444004671;444004672;
26248564;444004672;444004676;
26248564;444004676;444004673;
26248564;444004673;444004674;
26248564;444004674;444011311;
26248564;444011311;287458452;
27103792;4478069058;297369724;
27103792;297369724;4478069059;
27103792;4478069059;297369739;
27103792;297369739;4478069033;
27103792;4478069033;297369726;
27103792;297369726;432578823;
27103792;432578823;4393941395;
27103792;4393941395;297369728;
27103792;297369728;297369729;
29035149;112651991;112651992;
29035151;112652932;112613608;
29035153;112613608;26057853;
29036509;3092764704;3092764717;
29036509;3092764717;3092764708;
29036509;3092764708;26015899;
29036509;26015899;26015901;
29036509;26015901;26015903;
29036509;26015903;26015905;
29036509;26015905;26015907;
29036509;26015907;128579264;
29036513;25532210;3522106316;
29036513;3522106316;3522106322;
29036513;3522106322;3522106324;
29036513;3522106324;25532211;
34597087;401623785;401623786;
34774629;411506246;411504969;
34774629;411504969;4087312908;
34774629;4087312908;128597080;
34774629;128597080;128580161;
34777927;128581937;128586494;
34777927;128586494;128586496;
34777927;128586496;128586497;
34777927;128586497;128586500;
34777927;128586500;128586501;
34777947;128591075;4731603468;
34777947;4731603468;128591076;
34777947;128591076;128591079;
34777947;128591079;128591080;
34777947;128591080;128586501;
34798406;128580161;2490198491;
35078499;128597080;411504988;
35078499;411504988;411504967;
35078499;411504967;411504968;
35078499;411504968;411504969;
35078500;411504977;411504979;
35078500;411504979;420777494;
35078500;420777494;411504981;
35078500;411504981;4590506320;
35078500;4590506320;411504984;
35078500;411504984;411504986;
35078500;411504986;4455723315;
35078500;4455723315;411504987;
35078500;411504987;412249442;
35078500;412249442;2084090872;
35078500;2084090872;3554953622;
35078500;3554953622;411504967;
35078501;411504995;411835470;
35078501;411835470;411504997;
35078501;411504997;445439284;
35078501;445439284;432578810;
35078501;432578810;411504999;
35078501;411504999;432578813;
35078501;432578813;445439290;
35078501;445439290;411504977;
35078502;411504966;411504995;
35105021;420777494;445439255;
35105021;445439255;445439258;
35105021;445439258;445439261;
35105021;445439261;1223751575;
35145152;412249442;2072674371;
35145152;2072674371;2072674370;
35145152;2072674370;412249443;
35145152;412249443;4517268370;
35145152;4517268370;412249444;
35145152;412249444;412249445;
35145152;412249445;412249446;
35145152;412249446;412246602;
35145153;444011310;4381093243;
35145153;4381093243;2617650079;
35145153;2617650079;1548554613;
35145153;1548554613;412246608;
35145272;412246602;412247985;
35145272;412247985;1223751669;
35145272;1223751669;1223751757;
35145272;1223751757;412247991;
35145272;412247991;1223751671;
35145272;1223751671;1223751572;
35145272;1223751572;4573598489;
35145272;4573598489;412247996;
35145272;412247996;4573598490;
35145272;4573598490;412248000;
35145272;412248000;412248004;
35145272;412248004;412248006;
35145272;412248006;4523942708;
35145272;4523942708;412248011;
35145272;412248011;1223751610;
35145272;1223751610;412248019;
35145521;411504977;412249448;
35145521;412249448;4566797421;
35145521;4566797421;4718388481;
35145521;4718388481;412249449;
35145521;412249449;412249450;
35145521;412249450;412248019;
35145521;412248019;412249451;
35145521;412249451;420776939;
35145521;420776939;432578781;
35145521;432578781;4523960189;
35145521;4523960189;420776943;
35145522;412246600;2617650078;
35145522;2617650078;1548554615;
35145522;1548554615;412246608;
35727408;411834914;411834915;
35727410;411834915;128597080;
35997763;112613604;2846609715;
35997763;2846609715;2846609714;
35997763;2846609714;2846609713;
35997763;2846609713;444026528;
35997763;444026528;444026527;
35997763;444026527;420776961;
35997812;420777495;420777496;
35997812;420777496;445439274;
35997812;445439274;412256453;
35997812;412256453;411835470;
35997812;411835470;4455723310;
35997812;4455723310;411835382;
35997812;411835382;4455723303;
35997812;4455723303;4566797450;
35997812;4566797450;4566797461;
35997812;4566797461;411835384;
36979228;3554953679;2156098729;
36979228;2156098729;2156098719;
36979228;2156098719;2156098755;
36979228;2156098755;2617650080;
36979228;2617650080;2156098708;
36979228;2156098708;2156098689;
36979228;2156098689;4381097464;
36979228;4381097464;2156104170;
36979228;2156104170;3554953687;
36979228;3554953687;3554953688;
36979228;3554953688;430006697;
37141967;420776943;435240914;
37141967;435240914;4523960191;
37141967;4523960191;2185792256;
37141967;2185792256;432578826;
37141967;432578826;432578827;
37141967;432578827;1223751630;
37141967;1223751630;432578828;
37141967;432578828;435240917;
37141967;435240917;784475024;
37141968;432578781;4517268078;
37141968;4517268078;1223751641;
37141968;1223751641;1223751723;
37141968;1223751723;430012030;
37141968;430012030;4517268312;
37141968;4517268312;1223751683;
37141968;1223751683;4517268075;
37141968;4517268075;430012028;
37141968;430012028;2185848579;
37141970;432578836;4492974710;
37141970;4492974710;4492974709;
37141970;4492974709;445041886;
37141970;445041886;1838438345;
37141970;1838438345;432578837;
37141970;432578837;432578838;
37141970;432578838;4441072669;
37141970;4441072669;432578835;
37141970;432578835;432578839;
37141970;432578839;4474021918;
37141970;4474021918;432578829;
37141970;432578829;4474021917;
37141970;4474021917;4474021919;
37141970;4474021919;2066740979;
37141970;2066740979;4505174781;
37141970;4505174781;2066740971;
37141970;2066740971;432578841;
37141970;432578841;4478085707;
37141970;4478085707;4478085704;
37141970;4478085704;432578842;
37141973;435240927;435240930;
37141973;435240930;432578852;
37141973;432578852;435240932;
37141973;435240932;432578853;
37141975;432578853;2066740958;
37141975;2066740958;432578859;
37141976;432578856;4393941398;
37141976;4393941398;4478069052;
37141976;4478069052;4393941400;
37141976;4393941400;432578823;
37141977;4393941394;1223751659;
37141977;1223751659;432578865;
37141977;432578865;432578866;
37141977;432578866;4478069038;
37141977;4478069038;4478087288;
37141977;4478087288;432578842;
37141978;432578865;4478069051;
37141978;4478069051;432578867;
37141978;432578867;1223751654;
37141979;297369740;432578825;
37141980;432578845;4478085709;
37141980;4478085709;432578879;
37141980;432578879;4474021924;
37141980;4474021924;432578882;
37141980;432578882;4474021923;
37141980;4474021923;432578885;
37141980;432578885;432578888;
37141980;432578888;4474021921;
37141980;4474021921;4474021922;
37141980;4474021922;432578890;
37141980;432578890;4474021926;
37141980;4474021926;432578848;
37141982;432578831;432578901;
37141982;432578901;432578906;
37141982;432578906;4573598508;
37141982;4573598508;4573598507;
37141982;4573598507;432578908;
37141982;432578908;4573598506;
37141982;4573598506;432578916;
37141982;432578916;4573598505;
37141982;4573598505;432578919;
37141982;432578919;432578922;
37141983;411835382;432578938;
37141983;432578938;432578945;
37141983;432578945;432578817;
37141985;445439255;445439343;
37141985;445439343;2073943322;
37141985;2073943322;432578813;
37141985;432578813;432578945;
37142500;3713816545;3713843046;
37142500;3713843046;26122715;
37142500;26122715;3713843047;
37142500;3713843047;26122717;
37142500;26122717;3713843048;
37142500;3713843048;3713843050;
37142500;3713843050;26122718;
37142655;432589603;4566736207;
37142655;4566736207;432589605;
37142655;432589605;432589606;
37142655;432589606;432578835;
37221655;2207552041;445028228;
37221655;445028228;1389528052;
37221656;112651987;4495897270;
37221656;4495897270;4495897267;
37221656;4495897267;4495897268;
37221656;4495897268;433469196;
37338732;435240914;435240906;
37338733;435240917;435240959;
37856053;411506246;3554953651;
37856053;3554953651;444011318;
37856053;444011318;444011320;
37856053;444011320;444011321;
37856053;444011321;444011323;
37856053;444011323;1548554598;
37856053;1548554598;1548554599;
37856053;1548554599;1548554600;
37856053;1548554600;1548554602;
37856053;1548554602;4452244286;
37856053;4452244286;1548554601;
37856823;444026518;444026520;
37856823;444026520;444026522;
37856823;444026522;444026524;
37856824;444026522;444026527;
37856825;444026520;444026528;
37915267;445032812;4503222507;
37915267;4503222507;445032810;
37915267;445032810;445032816;
37915267;445032816;445032820;
37915267;445032820;4494940786;
37915267;4494940786;445032821;
37915267;445032821;433469204;
37937528;112651985;445439324;
37937528;445439324;1389528038;
37937528;1389528038;445439326;
37937528;445439326;445439300;
37937529;445439274;445439334;
37937529;445439334;1223751730;
37937529;1223751730;1223751697;
37937529;1223751697;445439337;
37937529;445439337;445439340;
37937530;411504999;2073943320;
37937530;2073943320;445439340;
37937530;445439340;445439258;
37937531;445439343;445439344;
37937532;445439347;445439344;
37937532;445439344;2073943321;
37937532;2073943321;445439290;
37937534;445439334;4573598492;
37937534;4573598492;445439284;
41380172;435240906;3573222096;
41380172;3573222096;506111738;
41380172;506111738;3573222097;
41380172;3573222097;2185756687;
41380173;435240959;506111741;
41380173;506111741;4282469053;
41380173;4282469053;506111742;
51228960;444004676;4452248001;
51228960;4452248001;444004677;
51228960;444004677;4526607816;
51228960;4526607816;444004678;
51228960;444004678;4573598276;
51228960;4573598276;4573598285;
51228960;4573598285;444004679;
51228960;444004679;4573598286;
51228960;4573598286;444004680;
51228960;444004680;444004681;
51228960;444004681;4378171712;
51228960;4378171712;444004682;
51228960;444004682;444004683;
62087613;297369729;4573526560;
62087613;4573526560;773982497;
62087615;432578854;432578855;
62087615;432578855;432578856;
62087615;432578856;4393940287;
62087615;4393940287;297369729;
62087618;297369740;773982488;
62087618;773982488;297369731;
62087618;297369731;297369732;
62087622;773982487;1842003114;
62087622;1842003114;1223751741;
62087622;1223751741;4393940282;
62087622;4393940282;773982497;
63192525;4474021932;1223751732;
63192525;1223751732;4474021937;
63192525;4474021937;1223751677;
63192525;1223751677;1223751696;
63192525;1223751696;4474021947;
63192525;4474021947;1223751602;
63192525;1223751602;4474021949;
63192525;4474021949;4474021938;
63192525;4474021938;784475024;
63192525;784475024;4474021939;
63192525;4474021939;4474021940;
63192525;4474021940;1223751591;
63192525;1223751591;4474021948;
63192525;4474021948;1223751585;
63192525;1223751585;1223751626;
63192525;1223751626;1223751749;
106334851;4474021932;4441072622;
106334851;4441072622;1838434498;
106334851;1838434498;4441072626;
106334851;4441072626;1223751663;
106334851;1223751663;4452315954;
106334851;4452315954;2066740983;
106334851;2066740983;4474021920;
106334851;4474021920;432578829;
106334854;3501878316;3799695586;
106334854;3799695586;4478069047;
106334854;4478069047;3799695585;
106334854;3799695585;3799695584;
106334854;3799695584;432578864;
106334854;432578864;432578863;
106334854;432578863;432578862;
106334854;432578862;4478069048;
106334854;4478069048;432578861;
106334854;432578861;4478069039;
106334854;4478069039;432578860;
106334854;432578860;401623786;
106334854;401623786;432578859;
106334854;432578859;432578854;
106334854;432578854;432578858;
106334854;432578858;4478069055;
106334856;1223751661;1223751647;
106334856;1223751647;1223751786;
106334856;1223751786;1223751699;
106334856;1223751699;1223751620;
106334856;1223751620;1223751586;
106334856;1223751586;1223751633;
106334856;1223751633;4455723319;
106334856;4455723319;411504984;
106334857;432578798;432578842;
106334857;432578842;432578845;
106334857;432578845;432578847;
106334857;432578847;4474021925;
106334857;4474021925;432578848;
106334857;432578848;4478069058;
106334857;4478069058;4478069055;
106334858;1223751687;1223751681;
106334858;1223751681;1223751606;
106334858;1223751606;445439265;
106334858;445439265;1223751631;
106334858;1223751631;1223751575;
106334858;1223751575;1223751712;
106334858;1223751712;3554953534;
106334858;3554953534;1223751687;
106334858;1223751687;1223751631;
106334859;1223751730;1223751631;
106334860;445439337;4573598491;
106334860;4573598491;432578810;
106334860;432578810;432578938;
106334862;420777495;1223751607;
106334863;1223751575;1223751697;
106334864;1223751592;1223751807;
106334864;1223751807;1223751600;
106334864;1223751600;1223751605;
106334864;1223751605;1223751780;
106334864;1223751780;1223751578;
106334864;1223751578;1223751781;
106334864;1223751781;2084090866;
106334864;2084090866;2084090872;
106334865;1223751663;1223751622;
106334865;1223751622;1223751778;
106334865;1223751778;1223751695;
106334865;1223751695;1223751716;
106334865;1223751716;1223751650;
106334865;1223751650;1223751675;
106334865;1223751675;1223751783;
106334865;1223751783;2085810952;
106334865;2085810952;2085810954;
106334865;2085810954;2085810953;
106334865;2085810953;2085810951;
106334865;2085810951;432578841;
106334866;1223751757;1223751746;
106334867;1223751616;1223751661;
106334867;1223751661;1223751666;
106334867;1223751666;1223751590;
106334867;1223751590;1223751604;
106334867;1223751604;1223751652;
106334867;1223751652;1223751720;
106334867;1223751720;1223751632;
106334867;1223751632;1223751592;
106334867;1223751592;1223751728;
106334867;1223751728;1223751679;
106334867;1223751679;1223751766;
106334867;1223751766;1223751700;
106334867;1223751700;4455723317;
106334867;4455723317;412249442;
125000464;1389528052;4463731558;
125000470;433469196;4495897269;
125000470;4495897269;4495897266;
125000470;4495897266;4495897265;
125000470;4495897265;1389528041;
125000470;1389528041;433469199;
125000470;433469199;4463692791;
125000470;4463692791;1389528045;
125000470;1389528045;4463691488;
125000470;4463691488;433469200;
125000470;433469200;4494940788;
125000470;4494940788;433469201;
125000470;433469201;445032809;
125000470;445032809;433469204;
125000470;433469204;4494941193;
125000470;4494941193;433469205;
125000470;433469205;4494940785;
125000470;4494940785;1389528066;
125000470;1389528066;4494940783;
125000470;4494940783;1207565720;
125000470;1207565720;4494940784;
125000470;4494940784;1207565719;
125000470;1207565719;1207565722;
125000470;1207565722;3573222252;
125000472;1389528052;4501342452;
125000472;4501342452;4501342454;
125000472;4501342454;4501342453;
125000472;4501342453;1389528056;
125000472;1389528056;433469209;
125000475;1389528052;4463692792;
125000475;4463692792;433469196;
173013103;1838434498;1838434497;
173013103;1838434497;1838434495;
173013103;1838434495;1838434491;
173013103;1838434491;1838434493;
173013103;1838434493;1838434499;
173013103;1838434499;1838434494;
173013103;1838434494;1838434492;
196972617;412249443;2084090862;
196972617;2084090862;2072674362;
196972617;2072674362;2072674363;
196972618;2072674362;2072674364;
196972618;2072674364;2072674366;
196972619;2072674366;2072674367;
196972619;2072674367;2072674368;
196972619;2072674368;2072674369;
196972619;2072674369;2072674366;
197100020;2073943321;2073943322;
197100020;2073943322;2073943320;
198248591;2084090870;2084090868;
198248722;444004669;2084091578;
198248722;2084091578;2084091558;
198248722;2084091558;2084091559;
198248722;2084091559;2084091560;
198248722;2084091560;2084091551;
198248722;2084091551;2084091580;
198248722;2084091580;4718388067;
198248722;4718388067;2084091563;
198248722;2084091563;2084091566;
198248722;2084091566;2084091579;
198248722;2084091579;2084091565;
198248722;2084091565;2084091567;
198248722;2084091567;2084091554;
198248722;2084091554;2084091571;
198248722;2084091571;2084091569;
198248722;2084091569;2084091568;
198248726;2084091557;2084091553;
198248726;2084091553;2084091570;
198248726;2084091570;2084091574;
198248726;2084091574;2084091562;
198248726;2084091562;4455723320;
198248726;4455723320;4455723321;
198248726;4455723321;2084091552;
198248726;2084091552;4455723322;
198248726;4455723322;2084091555;
198248726;2084091555;4455723323;
198248726;4455723323;4455723324;
198248726;4455723324;4455723325;
198248726;4455723325;4455723322;
198248910;2084093827;504782514;
198248910;504782514;2084093830;
205638142;2156098713;2156098707;
205638142;2156098707;2156098749;
205638142;2156098749;2156098752;
205638142;2156098752;2156098711;
205638142;2156098711;2156098756;
205638142;2156098756;2156098746;
205638142;2156098746;2156098750;
205638142;2156098750;3573222099;
205638142;3573222099;2156098719;
205638144;2156098755;2156098710;
205638144;2156098710;2156098725;
205638144;2156098725;2156098713;
205638144;2156098713;2156098709;
205638144;2156098709;3573222118;
205638144;3573222118;2156098708;
205638145;2156098702;2156098697;
205638145;2156098697;2156098716;
205638146;4384591143;2156098688;
205638146;2156098688;2156098712;
205638146;2156098712;2156098698;
205638146;2156098698;4378185445;
205638146;4378185445;2156098689;
205638147;2156098695;3573222098;
205638147;3573222098;2156098729;
206360115;2163677954;2163677955;
206360115;2163677955;2163677956;
206360116;2163677959;4503222514;
206360116;4503222514;2163677964;
206360116;2163677964;4418972105;
206360116;4418972105;2163677965;
206360116;2163677965;2163677956;
206360116;2163677956;1389528041;
208262837;2185756687;2185762067;
208262837;2185762067;2185762064;
208262837;2185762064;2185762047;
208262837;2185762047;2185762049;
208262837;2185762049;506111741;
208262837;506111741;2185762050;
208262837;2185762050;2185756687;
208263088;2185762067;2185766308;
208263088;2185766308;2185766309;
208263088;2185766309;2185766307;
208263088;2185766307;2185766310;
208263088;2185766310;2185766306;
208263088;2185766306;2185765238;
208263088;2185765238;2185765236;
208263088;2185765236;2185765234;
208263088;2185765234;2185765237;
208263088;2185765237;2185765235;
208263088;2185765235;2185762064;
208265320;4282469045;4282469046;
208265320;4282469046;4282469047;
208265320;4282469047;2185792255;
208265320;2185792255;4517268326;
208265320;4517268326;2185792256;
208272059;4517268326;4282469049;
208272059;4282469049;4517268307;
208272059;4517268307;4517268293;
211339122;445439300;112613613;
211339122;112613613;112613614;
211339122;112613614;112613616;
211339122;112613616;112613618;
211339122;112613618;445041881;
211339122;445041881;445041888;
211339125;1103464865;1838445085;
211339125;1838445085;112664310;
211339125;112664310;112664312;
211339125;112664312;4495896929;
211339125;4495896929;4495896928;
211339125;4495896928;112664314;
211339125;112664314;4413343749;
211339125;4413343749;112664315;
211339125;112664315;112664316;
211339125;112664316;1731171102;
211339125;1731171102;112664317;
211339125;112664317;112664318;
211339125;112664318;4463731540;
211339125;4463731540;3139458003;
211339125;3139458003;112664320;
211339125;112664320;112664325;
211339125;112664325;112664327;
211339125;112664327;445028226;
211339125;445028226;112664333;
211339125;112664333;2207552041;
211339125;2207552041;112651985;
211339125;112651985;112651987;
211339125;112651987;1389528039;
211339125;1389528039;112651988;
211339125;112651988;26057846;
211339125;26057846;3713963405;
211339125;3713963405;3713963409;
211339125;3713963409;3139458027;
211339125;3139458027;2583924942;
211339125;2583924942;112651991;
220234009;26057853;112613609;
220234009;112613609;112613610;
220234009;112613610;2846609718;
220234009;2846609718;3522178888;
220234009;3522178888;112613611;
220234009;112613611;432589602;
220234009;432589602;432589603;
220234009;432589603;112613612;
220234009;112613612;445439300;
220234012;26122718;3713843052;
220234012;3713843052;26122719;
238249552;412249448;2460915650;
238249552;2460915650;2460915651;
238249553;2460915655;2460915656;
238249553;2460915656;2460915657;
238249553;2460915657;412249450;
238249554;2460915651;2460915652;
238249554;2460915652;2460915653;
238249554;2460915653;2460915654;
238249554;2460915654;2460915655;
238249554;2460915655;2460915651;
238249556;2460915663;2460915671;
238249556;2460915671;2460915664;
238249556;2460915664;2460915665;
238249556;2460915665;2460915666;
238249556;2460915666;2460915667;
238249556;2460915667;2460915668;
238249556;2460915668;2460915669;
238249556;2460915669;2460915670;
238249557;2460915671;2460915672;
241364281;2490198491;128581932;
241364287;2490198482;128583736;
241364287;128583736;128583739;
241364287;128583739;128583741;
241364287;128583741;128583743;
241364287;128583743;128583745;
241364287;128583745;128583747;
241364287;128583747;4452315942;
241364287;4452315942;128583750;
241364287;128583750;128583753;
241364287;128583753;128583756;
316459169;420776943;3554953676;
316459169;3554953676;430006694;
316459169;430006694;3554953681;
316459169;3554953681;4149583051;
316459169;4149583051;3573222107;
316459169;3573222107;420776945;
316459169;420776945;420807840;
345566829;26015892;3522106304;
345566829;3522106304;26015890;
345566829;26015890;3522106311;
345566829;3522106311;3092764693;
345566831;3092764693;3522106319;
345566831;3522106319;3092764716;
345566831;3092764716;26015888;
345566831;26015888;3092764718;
345566831;3092764718;26015884;
345566832;25532189;3522106293;
345566832;3522106293;3522105987;
345566832;3522105987;112597541;
345566832;112597541;25532186;
345566832;25532186;3522105980;
345566832;3522105980;112597544;
345566832;112597544;25532185;
345566832;25532185;3522105976;
345566832;3522105976;3522105978;
345566832;3522105978;3522105981;
345566832;3522105981;112597546;
345566832;112597546;3092764688;
345566832;3092764688;3522105989;
345566832;3522105989;3713816541;
345566832;3713816541;3522105992;
345566832;3522105992;3522106298;
345566832;3522106298;112597547;
345566832;112597547;3713816542;
345566832;3713816542;3522106305;
345566832;3522106305;3522106307;
345566832;3522106307;3092764693;
345566834;112597525;3522105986;
345566834;3522105986;25532206;
345566834;25532206;25532207;
345566834;25532207;3522105977;
345566834;3522105977;112597526;
345566834;112597526;3522105973;
345566834;3522105973;3092764689;
345566834;3092764689;3522105971;
345566834;3522105971;3522105970;
345566834;3522105970;3522105972;
345566834;3522105972;25532208;
345566834;25532208;3522105974;
345566834;3522105974;112597528;
345566834;112597528;3522105979;
345566834;3522105979;25532209;
345566834;25532209;3522105983;
345566834;3522105983;3522105984;
345566834;3522105984;319327500;
345566834;319327500;3522106296;
345566834;3522106296;25532210;
345573793;3522178888;3522178889;
345573793;3522178889;3522178890;
345573793;3522178890;112651987;
345573794;3522178890;1389528039;
345573795;1389528040;4495897263;
345573795;4495897263;4495897262;
345573795;4495897262;1389528039;
345573796;433469196;1389528040;
349643887;3554953676;3554953677;
349643887;3554953677;3554953679;
349643889;3554953681;3554953680;
349643889;3554953680;3554953679;
349643961;412249445;3554953662;
349643961;3554953662;3554953664;
349643961;3554953664;4517268371;
349643961;4517268371;3554953658;
349643961;3554953658;3554953660;
349643964;444011318;3554953652;
349643964;3554953652;3554953655;
349643964;3554953655;3554953659;
349643964;3554953659;2084090865;
349643964;2084090865;3554953665;
349643964;3554953665;3554953666;
351525693;3573222212;3573222201;
351525693;3573222201;3573222198;
351525693;3573222198;3573222157;
351525693;3573222157;3573222138;
351525693;3573222138;3573222133;
351525693;3573222133;3573222132;
351525693;3573222132;3573222130;
351525693;3573222130;3573222128;
351525693;3573222128;3573222109;
351525693;3573222109;3573222108;
351525693;3573222108;3573222104;
351525729;3573222108;3573222127;
351525729;3573222127;3573222128;
351525764;3573222127;3573222134;
351525764;3573222134;3573222137;
351525764;3573222137;3573222145;
351525764;3573222145;3573222147;
351525764;3573222147;3573222130;
351525773;3573222107;3573222110;
351525773;3573222110;3573222114;
351525773;3573222114;3573222116;
351525773;3573222116;3573222124;
351525773;3573222124;3573222125;
351525773;3573222125;3573222126;
367461722;26122713;3713816544;
367461722;3713816544;3713816545;
367461723;3713816546;26122714;
367461725;25532222;3522106323;
367461725;3522106323;3522106321;
367461725;3522106321;3522106312;
367461725;3522106312;25532189;
367461726;25532211;3713666417;
367461726;3713666417;25532212;
367461726;25532212;3713666424;
367461726;3713666424;26122713;
367464148;3713843054;26122787;
367477464;3713963940;3713963937;
367477464;3713963937;26122784;
367477465;26122787;3713843053;
367477465;3713843053;26122788;
367477467;26122786;3713963391;
367477467;3713963391;3713843054;
367477469;26122784;26122785;
367477469;26122785;3713963402;
367477469;3713963402;26122786;
367477470;26122719;3713963389;
367477470;3713963389;3713963390;
367477470;3713963390;26122720;
367477475;26122788;3713843051;
367477475;3713843051;3713843049;
367477475;3713843049;26122789;
367477475;26122789;3713816548;
367477475;3713816548;26122716;
367477475;26122716;3713816547;
367477475;3713816547;3713816546;
367477476;26122720;3713963416;
367477476;3713963416;26122721;
367477476;26122721;3713963927;
367477476;3713963927;3713963936;
367477476;3713963936;3713963939;
367477476;3713963939;26122722;
367477476;26122722;3713963946;
367477476;3713963946;3713963949;
406682433;411504968;4737169812;
406682433;4737169812;4087312908;
415097761;2460915605;4161712070;
415097761;4161712070;4161712071;
415097761;4161712071;4161712072;
415097761;4161712072;4161712073;
415097761;4161712073;4161712074;
415097761;4161712074;4161712075;
415097761;4161712075;4161712076;
415097761;4161712076;4161712077;
420339891;4202779472;4204296205;
420339891;4204296205;4204295151;
420339891;4204295151;4202779473;
420339891;4202779473;4202779464;
420339891;4202779464;4202779467;
420339891;4202779467;4202779466;
420339891;4202779466;4202779468;
420339891;4202779468;4202779470;
420339891;4202779470;4203872944;
420339891;4203872944;4202779474;
420455890;4203872944;4203872923;
420455890;4203872923;4203872930;
420455890;4203872930;4203872958;
420455890;4203872958;4203872957;
420455890;4203872957;4210569962;
420455890;4210569962;4210569960;
420455890;4210569960;4210569952;
420455890;4210569952;4210569951;
420455890;4210569951;4210569950;
420455890;4210569950;4210569949;
420455890;4210569949;4203872926;
420455890;4203872926;4210569948;
420455890;4210569948;4210569953;
420455890;4210569953;4210569954;
420455890;4210569954;4203872921;
421271321;4203872926;4210543499;
421271321;4210543499;4210543498;
421271321;4210543498;4210543496;
421271321;4210543496;4210543493;
421271321;4210543493;4210543492;
421271321;4210543492;4210543490;
421271321;4210543490;4210543491;
421305605;4210849143;4210849160;
421305605;4210849160;4210849162;
421305605;4210849162;4203872944;
421305607;4210849144;4210849146;
421305607;4210849146;4210849149;
421305607;4210849149;4210849151;
421305607;4210849151;4210849155;
421305607;4210849155;4210849156;
429123178;4282469057;4282469053;
429123178;4282469053;4282469051;
429123179;4282469056;506111742;
429123179;506111742;4282469050;
429123180;4282469042;4517268344;
429123180;4517268344;4282469044;
429123181;4282469037;4282469025;
429123181;4282469025;4282469014;
429123181;4282469014;4282469011;
429123181;4282469011;4282469012;
429123181;4282469012;4282469015;
440117025;4381093229;4378171719;
440117025;4378171719;4378171721;
440117025;4378171721;4455723335;
440117025;4455723335;4455723337;
440117025;4455723337;4455723338;
440117025;4455723338;444011310;
440117112;4378185821;4378185829;
440117112;4378185829;4378185846;
440117112;4378185846;4378185851;
440117112;4378185851;4378185797;
440117112;4378185797;4378185688;
440117112;4378185688;4378185430;
440117112;4378185430;4378185413;
440117112;4378185413;4378185409;
440117112;4378185409;4378185400;
440117118;4378185629;4378185636;
440117122;4378185867;4378185824;
440117129;4378185811;4378185866;
440117132;4378185868;4378185871;
440117136;4378185658;4378185632;
440117137;4378185877;4378185835;
440117140;4378185840;4378185883;
440117141;4378185880;4378185917;
440117143;4378185830;4378185874;
440117144;4378185636;4378185666;
440117147;4378185849;4378185875;
440117149;4378185408;4378185609;
440117150;4378185683;4378185829;
440117151;4378185636;4378185670;
440117156;4378185872;4378185902;
440117156;4378185902;4378185927;
440117161;4378185857;4378185849;
440117161;4378185849;4378185843;
440117164;4378185400;4378185406;
440117164;4378185406;4378185433;
440117165;4378185632;4378185624;
440117165;4378185624;4378185609;
440117167;4378185791;4378185676;
440117167;4378185676;4378185663;
440117169;4378185609;4378185604;
440117169;4378185604;430006697;
440117173;4378185875;4378185864;
440117173;4378185864;4378185839;
440117173;4378185839;4378185843;
440117177;4378185859;4378185872;
440117177;4378185872;4378185887;
440117177;4378185887;4378185901;
440117178;4378185632;4378185634;
440117178;4378185634;4378185611;
440117178;4378185611;430006697;
440117181;4378185875;4378185879;
440117181;4378185879;4378185886;
440117181;4378185886;4378185898;
440117182;4378185615;4378185630;
440117182;4378185630;4378185655;
440117182;4378185655;4378185653;
440117188;4378185898;4378185882;
440117188;4378185882;4378185859;
440117188;4378185859;4378185857;
440117191;4378185615;4378185622;
440117191;4378185622;4378185640;
440117191;4378185640;4378185653;
440117192;4378185886;4378185876;
440117192;4378185876;4378185870;
440117192;4378185870;4378185879;
440117193;4378171721;4378171717;
440117193;4378171717;4378171722;
440117193;4378171722;4378171726;
440117195;4378185653;4378185658;
440117195;4378185658;4378185678;
440117195;4378185678;4378185670;
440117198;4378185796;4378185807;
440117198;4378185807;4378185871;
440117198;4378185871;4378185967;
440117198;4378185967;4378185974;
440117202;4378185796;4378185802;
440117202;4378185802;4378185868;
440117202;4378185868;4378185962;
440117202;4378185962;4378185974;
440117207;4378185670;4378185801;
440117207;4378185801;4378185666;
440117207;4378185666;4378185635;
440117207;4378185635;4378185590;
440117207;4378185590;4378185629;
440117211;4378185803;4378185861;
440117211;4378185861;4378185894;
440117211;4378185894;4378185926;
440117211;4378185926;4378185948;
440117211;4378185948;4378185978;
440117211;4378185978;4378186012;
440117214;4378171739;4378171735;
440117214;4378171735;4378171730;
440117214;4378171730;4381093216;
440117214;4381093216;4381093217;
440117214;4381093217;4381093218;
440117214;4381093218;4381093219;
440117214;4381093219;4381093220;
440117214;4381093220;4381093221;
440117214;4381093221;4381093222;
440117214;4381093222;4381093223;
440117214;4381093223;4381093224;
440117214;4381093224;4378171726;
440117214;4378171726;4381093214;
440117214;4381093214;4381093215;
440117214;4381093215;444004683;
440117214;444004683;4378171728;
440117214;4378171728;4378171733;
440117214;4378171733;4378171737;
440117214;4378171737;4378171739;
440117217;4378185796;4378185791;
440117217;4378185791;4378185792;
440117217;4378185792;4378185803;
440117217;4378185803;4378185811;
440117217;4378185811;4378185824;
440117217;4378185824;4378185830;
440117217;4378185830;4378185835;
440117217;4378185835;4378185843;
440117218;4378185861;4378185866;
440117218;4378185866;4378185867;
440117218;4378185867;4378185874;
440117218;4378185874;4378185877;
440117218;4378185877;4378185880;
440117218;4378185880;4378185883;
440117218;4378185883;4378185888;
440117218;4378185888;4378185857;
440389518;444011309;287458438;
440389518;287458438;4455723336;
440389519;412246600;519337747;
440389519;519337747;444011309;
440681022;2156098707;4384588844;
440681022;4384588844;4384588855;
440681022;4384588855;4384588854;
440681022;4384588854;4384588845;
440681022;4384588845;4384588856;
440681022;4384588856;4384588846;
440681022;4384588846;4384588847;
440681022;4384588847;4384588848;
440681022;4384588848;4384588858;
440681022;4384588858;4384588849;
440681025;4384588858;4384588859;
441677257;297369728;4393941394;
441677259;4393941394;4393941395;
441677260;4393941410;4393941409;
441677260;4393941409;432578866;
444418467;3168698809;4418972102;
444418467;4418972102;4418972103;
444418467;4418972103;4418972104;
444418467;4418972104;4418972105;
446887315;432589605;4441072621;
446887316;4441072622;4441072623;
446887316;4441072623;4441072624;
446887316;4441072624;4441072625;
446887317;4441072626;4441072627;
446887317;4441072627;4441072628;
446887317;4441072628;4441072629;
446887317;4441072629;4441072630;
446887317;4441072630;4441072634;
446887317;4441072634;4441072631;
446887318;4441072624;4441072632;
446887318;4441072632;4441072633;
446887318;4441072633;4441072634;
446887318;4441072634;4441072635;
446887318;4441072635;4441072636;
448190641;4452244284;4523942718;
448190641;4523942718;4452244285;
448190642;4452244284;4452244280;
448190642;4452244280;4452244281;
448190642;4452244281;4452244282;
448190642;4452244282;4452244283;
448190643;4452244286;4452244287;
448190643;4452244287;4452244288;
448190643;4452244288;4452247989;
448190643;4452247989;4452247990;
448190644;4452247990;4452247991;
448190644;4452247991;4452247992;
448190644;4452247992;4452247993;
448190644;4452247993;4452247994;
448190644;4452247994;4452247995;
448190644;4452247995;4452247996;
448190644;4452247996;4452247997;
448190644;4452247997;4452247998;
448190644;4452247998;4452247999;
448190644;4452247999;4452248000;
448190644;4452248000;4452248001;
448190645;4452247995;4452248002;
448190645;4452248002;4452248003;
448190645;4452248003;4452248004;
448190645;4452248004;4452248005;
448190645;4452248005;4452248006;
448190645;4452248006;4452248007;
448190645;4452248007;1548554600;
448568784;4455723064;4455723086;
448568784;4455723086;4455723087;
448568784;4455723087;4455723292;
448568784;4455723292;4455723065;
448568788;4455723087;4455723088;
448568788;4455723088;4455723289;
448568788;4455723289;4455723069;
448568789;4455723290;4455723291;
448568789;4455723291;4455723292;
448568790;411835386;4455723293;
448568790;4455723293;4455723294;
448568790;4455723294;4455723295;
448568791;4455723294;4455723301;
448568791;4455723301;4455723296;
448568792;4455723297;4455723296;
448568792;4455723296;4455723298;
448568792;4455723298;4455723299;
448568793;4455723298;4455723300;
448568794;4455723301;4455723302;
448568795;4455723303;4455723314;
448568795;4455723314;4455723304;
448568795;4455723304;4455723305;
448568795;4455723305;4455723306;
448568795;4455723306;4455723307;
448568795;4455723307;4455723308;
448568795;4455723308;4455723309;
448568795;4455723309;432578922;
448568797;4455723315;4455723318;
448568797;4455723318;4455723316;
448568798;4455723317;4455723318;
448568798;4455723318;4455723319;
448858673;128581937;128583030;
448858673;128583030;128583031;
448858674;412246608;412246607;
448858674;412246607;412246606;
448858674;412246606;412246604;
448858674;412246604;412246603;
448858674;412246603;412246602;
448858675;2205380098;445032810;
448858676;3573222252;1389528072;
448858676;1389528072;1389528070;
448858676;1389528070;4494940782;
448858676;4494940782;1389528068;
448858676;1389528068;1389528067;
448858676;1389528067;4496009451;
448858676;4496009451;1402787135;
448858676;1402787135;1389528064;
448858676;1389528064;4494941192;
448858676;4494941192;445032821;
448858676;445032821;2205380098;
448858676;2205380098;4494941191;
448858676;4494941191;1389528048;
448858676;1389528048;4494940787;
448858676;4494940787;4494941190;
448858676;4494941190;1389528047;
448858676;1389528047;4463692789;
448858676;4463692789;1389528044;
448858676;1389528044;4463692790;
448858676;4463692790;1389528043;
448858676;1389528043;1389528042;
448858676;1389528042;4494941189;
448858676;4494941189;4495897261;
448858676;4495897261;4495897264;
448858676;4495897264;1389528040;
449415306;4463731558;1389528057;
449415306;1389528057;3168698812;
449415306;3168698812;445028240;
449415306;445028240;433469187;
449415306;433469187;4494940776;
449415306;4494940776;4494940775;
449415306;4494940775;4494940777;
449415306;4494940777;433469176;
450475039;1223751749;1223751769;
450475039;1223751769;1223751753;
450475039;1223751753;4474021928;
450475039;4474021928;1223751805;
450475039;1223751805;1223751624;
450475039;1223751624;4474021930;
450475039;4474021930;4474021931;
450475039;4474021931;4474021932;
450475040;1223751805;4474021933;
450475040;4474021933;4474021934;
450475040;4474021934;4474021935;
450475040;4474021935;4474021936;
450475040;4474021936;4474021937;
450475041;1223751696;4474021941;
450475041;4474021941;4474021942;
450475041;4474021942;4474021943;
450475041;4474021943;4474021944;
450475041;4474021944;4474021945;
450475041;4474021945;4474021946;
450475041;4474021946;1223751626;
450904360;432578853;2066740961;
450904360;2066740961;432578854;
450904361;4478069039;4478069040;
450904361;4478069040;4478069041;
450904361;4478069041;4478069042;
450904361;4478069042;4478069043;
450904361;4478069043;4478069044;
450904361;4478069044;4478069045;
450904361;4478069045;4478069046;
450904362;4478069049;4478069050;
450904363;773982497;297369740;
450904366;4478069055;1838434492;
450904366;1838434492;432578849;
450904366;432578849;432578851;
450904366;432578851;4573598518;
450904366;4573598518;1223751674;
450904366;1223751674;1223751693;
450904366;1223751693;1223751805;
450904367;4478069059;4478069060;
450906827;4478087287;4478087288;
450913084;4478129136;4478129137;
450913084;4478129137;4478129138;
450913084;4478129138;432578839;
455315129;4282469045;4517268308;
455315129;4517268308;4517268309;
455315129;4517268309;4517268356;
455315129;4517268356;4282469044;
455315130;4517268310;4517268311;
455315130;4517268311;4517268312;
455315138;4517268343;4517268349;
455315138;4517268349;4517268344;
455315139;4517268343;4517268345;
455315140;4517268345;4517268346;
455315141;4282469037;4523960193;
455315141;4523960193;4517268346;
455315145;4282469037;4517268359;
455315145;4517268359;4517268360;
455315145;4517268360;4573598493;
455315145;4573598493;4517268361;
455315145;4517268361;4517268362;
455315145;4517268362;4517268363;
455315145;4517268363;4517268364;
455315145;4517268364;4517268365;
455315145;4517268365;432578831;
455315147;4517268370;4517268371;
455315147;4517268371;4517268372;
455315147;4517268372;4452244285;
455315148;1548554599;4718388087;
455315148;4718388087;4517268373;
455315148;4517268373;4718388088;
455315148;4718388088;2084090869;
455315148;2084090869;2084090868;
455315148;2084090868;2084090873;
455315148;2084090873;4718388289;
455315148;4718388289;4718388290;
455315148;4718388290;2084090871;
455315148;2084090871;412246602;
456117157;4452244279;4523942704;
456117157;4523942704;4523942705;
456117157;4523942705;4523942706;
456117157;4523942706;4523942707;
456117157;4523942707;4523942708;
456117158;4452244284;4452244279;
456117158;4452244279;4523942709;
456117158;4523942709;4523942710;
456117158;4523942710;4523942711;
456117158;4523942711;4523942712;
456117158;4523942712;4523942713;
456117158;4523942713;4718388481;
456117161;4523942720;4523942721;
456117161;4523942721;4452244279;
456118771;4523960189;4534707505;
456118771;4534707505;4523960190;
456118771;4523960190;4523960191;
461133007;4441072621;4566736210;
461133007;4566736210;4566736211;
461133007;4566736211;4566736212;
461133007;4566736212;4566736213;
461133007;4566736213;4566736214;
461133007;4566736214;4566736215;
461133007;4566736215;4566736216;
461133008;4441072631;4566736217;
461133008;4566736217;4566736218;
461133008;4566736218;4566736219;
461133008;4566736219;4566736220;
461133008;4566736220;4566736216;
461133009;4441072624;4566736221;
461133009;4566736221;4566736222;
461133009;4566736222;4566736223;
461133009;4566736223;4566736224;
461133009;4566736224;4566736225;
461135460;4566797414;4566797415;
461135460;4566797415;4566797416;
461135460;4566797416;4566797417;
461135460;4566797417;4566797418;
461135460;4566797418;4566797419;
461135460;4566797419;4566797420;
461135460;4566797420;4566797421;
461135462;4566797441;4566797443;
461135462;4566797443;4566797444;
461135462;4566797444;4566797445;
461135462;4566797445;4566797446;
461135462;4566797446;4566797447;
461135462;4566797447;4566797448;
461135462;4566797448;4566797449;
461135462;4566797449;4566797450;
461135463;4566797441;4566797442;
461135464;4566797452;4566797453;
461135465;4566797452;4566797454;
461135465;4566797454;4566797455;
461135465;4566797455;4566797456;
461135465;4566797456;4566797457;
461135465;4566797457;4566797458;
461135465;4566797458;4566797459;
461135465;4566797459;4566797460;
461135465;4566797460;4566797461;
461925683;1223751606;420777495;
461925684;1223751607;1223751681;
461925685;4573598491;4573598492;
461925686;2185848579;430012027;
461925686;430012027;430012058;
461925686;430012058;430012057;
461925686;430012057;4282469042;
461925686;4282469042;432578830;
461925686;432578830;435240898;
461925686;435240898;4282469037;
461925686;4282469037;4282469015;
461925686;4282469015;432578831;
461925687;4282469049;2185848583;
461925687;2185848583;2185848586;
461925687;2185848586;2185848584;
461925687;2185848584;2185848565;
461925687;2185848565;2185848581;
461925687;2185848581;2185848561;
461925687;2185848561;2185848588;
461925687;2185848588;4517268358;
461925687;4517268358;2185848577;
461925687;2185848577;2185848563;
461925687;2185848563;2185848567;
461925687;2185848567;2185848568;
461925687;2185848568;2185848579;
461925688;4573598493;4573598494;
461925688;4573598494;4573598495;
461925688;4573598495;4573598496;
461925688;4573598496;4573598497;
461925688;4573598497;4573598498;
461925688;4573598498;4573598499;
461925688;4573598499;4573598500;
461925688;4573598500;4573598501;
461925688;4573598501;4573598502;
461925688;4573598502;4573598503;
461925688;4573598503;4573598504;
461925689;432578922;432578925;
461925689;432578925;432578930;
461925689;432578930;411835384;
461925689;411835384;411835385;
461925689;411835385;411835386;
461925689;411835386;411835387;
461925689;411835387;4566797451;
461925689;4566797451;4566797453;
461925689;4566797453;411835388;
461925689;411835388;2460915663;
461925689;2460915663;411835389;
461925689;411835389;4566797442;
461925689;4566797442;411835390;
461925689;411835390;411835391;
461925689;411835391;432578817;
461925689;432578817;411835393;
461925689;411835393;411504977;
461925690;435240927;4573598509;
461925690;4573598509;4573598510;
461925690;4573598510;4573598511;
461925690;4573598511;4573598512;
461925690;4573598512;4573598513;
461925690;4573598513;4573598514;
461925690;4573598514;4573598515;
461925690;4573598515;4573598516;
461925690;4573598516;4573598517;
461925690;4573598517;4573598518;
463835631;445439347;4590506319;
463835633;4590506321;4590506320;
463835634;4590506321;4590506322;
463835634;4590506322;4590506323;
463835634;4590506323;4590506324;
463835634;4590506324;4590506325;
463835634;4590506325;4590506326;
463835634;4590506326;4590506321;
468686243;420776909;3139458009;
468686243;3139458009;112613604;
468686243;112613604;2846609717;
468686243;2846609717;112613605;
468686243;112613605;112613606;
468686243;112613606;112652932;
478627085;444011318;4718388068;
478627085;4718388068;4718388069;
478627085;4718388069;4718388070;
478627085;4718388070;4718388071;
478627085;4718388071;4718388072;
478627085;4718388072;4718388073;
478627085;4718388073;4718388074;
478627085;4718388074;4718388075;
478627085;4718388075;4718388076;
478627085;4718388076;4718388077;
478627085;4718388077;4718388078;
478627085;4718388078;4718388079;
478627085;4718388079;4718388080;
478627085;4718388080;4718388081;
478627085;4718388081;4718388082;
478627085;4718388082;4718388083;
478627085;4718388083;4718388084;
478627087;4718388075;4718388085;
478627087;4718388085;4718388086;
478882415;26015891;4720663314;
478882416;26015889;26015891;
478882418;26015879;3092764711;
478882418;3092764711;26015881;
478882418;26015881;26015883;
478882418;26015883;26015885;
478882418;26015885;3713816543;
478882418;3713816543;3713666411;
478882418;3713666411;3092764695;
478882418;3092764695;26015887;
478882418;26015887;3713666410;
478882418;3713666410;3092764692;
478882418;3092764692;26015889;
478886777;26015884;3092764713;
478886777;3092764713;4731623572;
478886777;4731623572;26015882;
478886777;26015882;26015880;
478886777;26015880;3092764706;
478886777;3092764706;4720708097;
479365562;4161788736;3092764696;
479365563;3092764696;26015908;
479365563;26015908;26015906;
479365563;26015906;26015904;
479365563;26015904;26015902;
479365563;26015902;26015900;
479365563;26015900;128583855;
479365566;128579264;4724823848;
480084928;128579825;128579831;
480084928;128579831;128579832;
480084928;128579832;128579264;
480084929;128578702;128578704;
480084929;128578704;4731603466;
480084929;4731603466;128578706;
480140398;2490198483;128583033;
480140399;128586501;128591901;
480140399;128591901;128591902;
480140399;128591902;128591905;
480140399;128591905;1209790924;
480140400;128587416;128591046;
480140400;128591046;128591048;
480140400;128591048;128591050;
480140400;128591050;128591054;
480140401;128607704;2354389960;
480140401;2354389960;2354389959;
480140401;2354389959;2354389951;
480140401;2354389951;128588858;
480140402;1209790924;128606054;
480140402;128606054;2354389947;
480140402;2354389947;128607704;
480140403;4731603469;4731603470;
480140404;4731603470;1209790924;
