25532144;41.17271;-8.594767;-0.150007;0.7185993
25532145;41.17233;-8.594706;-0.1500059;0.7185928
25532146;41.17187;-8.594455;-0.1500015;0.7185847
25532185;41.17102;-8.596411;-0.1500357;0.7185699
25532186;41.1711;-8.596111;-0.1500304;0.7185712
25532189;41.17157;-8.595664;-0.1500226;0.7185794
25532193;41.17267;-8.595076;-0.1500124;0.7185986
25532197;41.1731;-8.594989;-0.1500109;0.7186061
25532199;41.17263;-8.595343;-0.150017;0.7185979
25532200;41.17234;-8.59566;-0.1500226;0.7185929
25532201;41.17204;-8.596209;-0.1500321;0.7185877
25532202;41.17196;-8.596435;-0.1500361;0.7185863
25532206;41.17118;-8.596909;-0.1500444;0.7185727
25532207;41.17108;-8.596809;-0.1500426;0.7185709
25532208;41.17095;-8.59621;-0.1500322;0.7185686
25532209;41.1711;-8.595933;-0.1500273;0.7185712
25532210;41.17155;-8.595545;-0.1500206;0.7185792
25532211;41.17208;-8.595221;-0.1500149;0.7185884
25532212;41.17268;-8.594954;-0.1500102;0.7185988
25532222;41.17209;-8.595332;-0.1500168;0.7185886
26015879;41.17135;-8.593886;-0.1499916;0.7185757
26015880;41.17103;-8.593648;-0.1499874;0.7185701
26015881;41.17167;-8.594523;-0.1500027;0.7185811
26015882;41.17125;-8.593961;-0.1499929;0.7185738
26015883;41.17178;-8.594834;-0.1500082;0.718583
26015884;41.17168;-8.594868;-0.1500087;0.7185813
26015885;41.17185;-8.595151;-0.1500137;0.7185844
26015887;41.17189;-8.59615;-0.1500311;0.718585
26015888;41.17176;-8.595296;-0.1500162;0.7185829
26015889;41.17178;-8.597096;-0.1500476;0.7185832
26015890;41.17164;-8.597113;-0.1500479;0.7185807
26015891;41.17166;-8.597651;-0.1500573;0.718581
26015892;41.17146;-8.598083;-0.1500649;0.7185774
26015899;41.17162;-8.604229;-0.1501721;0.7185804
26015900;41.1715;-8.604259;-0.1501726;0.7185783
26015901;41.17175;-8.60499;-0.1501854;0.7185826
26015902;41.17163;-8.605023;-0.150186;0.7185806
26015903;41.17192;-8.605606;-0.1501962;0.7185857
26015904;41.17182;-8.605692;-0.1501977;0.7185838
26015905;41.17217;-8.606189;-0.1502063;0.7185899
26015906;41.17204;-8.606219;-0.1502069;0.7185877
26015907;41.17251;-8.606783;-0.1502167;0.7185959
26015908;41.17243;-8.606877;-0.1502184;0.7185944
26057762;41.18099;-8.594048;-0.1499944;0.7187439
26057764;41.18093;-8.594225;-0.1499975;0.7187428
26057767;41.1807;-8.594481;-0.150002;0.7187388
26057769;41.1804;-8.5945;-0.1500023;0.7187336
26057772;41.18013;-8.59421;-0.1499972;0.7187288
26057774;41.18007;-8.593808;-0.1499902;0.7187277
26057776;41.18019;-8.593475;-0.1499844;0.7187299
26057846;41.18001;-8.590476;-0.1499321;0.7187268
26057847;41.18047;-8.591652;-0.1499526;0.7187349
26057848;41.18056;-8.591769;-0.1499547;0.7187363
26057849;41.18085;-8.592094;-0.1499603;0.7187414
26057850;41.18124;-8.592369;-0.1499651;0.7187482
26057852;41.18219;-8.592838;-0.1499733;0.7187649
26057853;41.18035;-8.59204;-0.1499594;0.7187327
26057854;41.18017;-8.591809;-0.1499554;0.7187295
26057855;41.17968;-8.591738;-0.1499541;0.7187209
26057856;41.17944;-8.592082;-0.1499601;0.7187167
26057857;41.17948;-8.592642;-0.1499699;0.7187175
26057858;41.17976;-8.592906;-0.1499745;0.7187223
26122713;41.17311;-8.59472;-0.1500062;0.7186064
26122714;41.17342;-8.594798;-0.1500075;0.7186117
26122715;41.1753;-8.593762;-0.1499895;0.7186445
26122716;41.17518;-8.594015;-0.1499939;0.7186425
26122717;41.17591;-8.593556;-0.1499858;0.7186552
26122718;41.17681;-8.593349;-0.1499822;0.7186709
26122719;41.1771;-8.593305;-0.1499815;0.718676
26122720;41.17999;-8.593001;-0.1499762;0.7187263
26122721;41.18055;-8.592943;-0.1499752;0.7187362
26122722;41.18153;-8.592938;-0.1499751;0.7187533
26122724;41.18289;-8.593184;-0.1499794;0.718777
26122784;41.18077;-8.593171;-0.1499791;0.71874
26122785;41.1803;-8.593175;-0.1499792;0.7187319
26122786;41.17962;-8.593248;-0.1499805;0.71872
26122787;41.17712;-8.593508;-0.149985;0.7186763
26122788;41.17683;-8.593552;-0.1499858;0.7186712
26122789;41.17591;-8.593761;-0.1499894;0.7186552
112597525;41.17128;-8.597003;-0.150046;0.7185744
112597526;41.17099;-8.596692;-0.1500406;0.7185694
112597528;41.17102;-8.596047;-0.1500293;0.7185698
112597541;41.17119;-8.595987;-0.1500283;0.7185728
112597544;41.17103;-8.596249;-0.1500328;0.7185701
112597546;41.17113;-8.59671;-0.1500409;0.7185718
112597547;41.17148;-8.596775;-0.150042;0.7185779
112613604;41.18178;-8.595735;-0.1500239;0.7187577
112613605;41.18143;-8.594648;-0.1500049;0.7187515
112613606;41.18102;-8.593636;-0.1499872;0.7187445
112613608;41.18059;-8.592617;-0.1499695;0.7187368
112613609;41.18007;-8.591228;-0.1499452;0.7187277
112613610;41.1799;-8.590665;-0.1499354;0.7187249
112613611;41.17974;-8.589876;-0.1499216;0.718722
112613612;41.17966;-8.589255;-0.1499108;0.7187207
112613613;41.1796;-8.588326;-0.1498946;0.7187195
112613614;41.17958;-8.587519;-0.1498805;0.7187192
112613616;41.17968;-8.586929;-0.1498702;0.7187209
112613618;41.17984;-8.586431;-0.1498615;0.7187238
112651985;41.1798;-8.588835;-0.1499034;0.7187231
112651987;41.17986;-8.589539;-0.1499157;0.7187241
112651988;41.17992;-8.589999;-0.1499238;0.7187251
112651991;41.18074;-8.592571;-0.1499687;0.7187394
112651992;41.18112;-8.593495;-0.1499848;0.7187461
112652825;41.18039;-8.593307;-0.1499815;0.7187334
112652828;41.18011;-8.593616;-0.1499869;0.7187285
112652829;41.18007;-8.594017;-0.1499939;0.7187278
112652830;41.18024;-8.594382;-0.1500003;0.7187307
112652831;41.18057;-8.594522;-0.1500027;0.7187366
112652832;41.18076;-8.594442;-0.1500013;0.7187399
112652833;41.18097;-8.594143;-0.1499961;0.7187434
112652932;41.18095;-8.593472;-0.1499844;0.7187431
112653406;41.17961;-8.59281;-0.1499728;0.7187197
112653914;41.17953;-8.591872;-0.1499565;0.7187185
112653915;41.17941;-8.592318;-0.1499642;0.7187162
112654450;41.18004;-8.591718;-0.1499538;0.7187272
112654452;41.17983;-8.591682;-0.1499531;0.7187236
112664310;41.18137;-8.58366;-0.1498131;0.7187505
112664312;41.18144;-8.583872;-0.1498168;0.7187517
112664314;41.18146;-8.584073;-0.1498203;0.718752
112664315;41.1814;-8.58434;-0.149825;0.718751
112664316;41.18132;-8.584466;-0.1498272;0.7187497
112664317;41.1809;-8.585135;-0.1498389;0.7187423
112664318;41.18052;-8.585713;-0.149849;0.7187357
112664320;41.18006;-8.586376;-0.1498605;0.7187276
112664325;41.17997;-8.58658;-0.1498641;0.718726
112664327;41.17984;-8.586956;-0.1498706;0.7187238
112664333;41.17973;-8.587591;-0.1498817;0.7187219
128578693;41.17272;-8.607433;-0.1502281;0.7185995
128578696;41.17248;-8.607185;-0.1502237;0.7185953
128578699;41.1722;-8.60693;-0.1502193;0.7185904
128578701;41.17199;-8.606716;-0.1502155;0.7185869
128578702;41.1719;-8.6066;-0.1502135;0.7185852
128578704;41.17171;-8.606283;-0.150208;0.7185819
128578706;41.17144;-8.605764;-0.1501989;0.7185772
128579264;41.17301;-8.607455;-0.1502284;0.7186046
128579822;41.17294;-8.60602;-0.1502034;0.7186034
128579825;41.17285;-8.606943;-0.1502195;0.7186018
128579831;41.17289;-8.60708;-0.1502219;0.7186025
128579832;41.17296;-8.607239;-0.1502247;0.7186037
128580161;41.17316;-8.605671;-0.1501973;0.7186073
128580163;41.17305;-8.6058;-0.1501995;0.7186053
128580166;41.17298;-8.605908;-0.1502014;0.718604
128581932;41.17281;-8.605433;-0.1501931;0.7186011
128581937;41.17257;-8.605329;-0.1501913;0.7185969
128583030;41.1723;-8.605348;-0.1501916;0.7185922
128583031;41.17207;-8.605379;-0.1501922;0.7185881
128583033;41.1716;-8.605631;-0.1501966;0.7185801
128583736;41.17147;-8.605457;-0.1501936;0.7185777
128583739;41.17139;-8.605396;-0.1501925;0.7185763
128583741;41.17134;-8.605321;-0.1501912;0.7185754
128583743;41.17127;-8.60518;-0.1501887;0.7185743
128583745;41.17123;-8.604998;-0.1501855;0.7185735
128583747;41.1712;-8.60482;-0.1501824;0.718573
128583750;41.17121;-8.604462;-0.1501762;0.7185732
128583753;41.17126;-8.604206;-0.1501717;0.7185741
128583756;41.17131;-8.603961;-0.1501675;0.7185749
128583855;41.17136;-8.60291;-0.1501491;0.7185758
128586494;41.17247;-8.605261;-0.1501901;0.7185952
128586496;41.1724;-8.605206;-0.1501892;0.7185939
128586497;41.17231;-8.605088;-0.1501871;0.7185924
128586500;41.17221;-8.604884;-0.1501836;0.7185906
128586501;41.17218;-8.604757;-0.1501814;0.7185901
128587399;41.17139;-8.601277;-0.1501206;0.7185763
128587401;41.17147;-8.60161;-0.1501264;0.7185778
128587402;41.17157;-8.60188;-0.1501311;0.7185794
128587405;41.17163;-8.602075;-0.1501345;0.7185804
128587408;41.17168;-8.602324;-0.1501389;0.7185814
128587410;41.17173;-8.602718;-0.1501458;0.7185823
128587416;41.17178;-8.603105;-0.1501525;0.7185831
128588840;41.17183;-8.603525;-0.1501598;0.718584
128588844;41.17186;-8.603698;-0.1501629;0.7185846
128588845;41.17193;-8.603836;-0.1501653;0.7185858
128588848;41.17204;-8.603929;-0.1501669;0.7185876
128588850;41.1722;-8.604006;-0.1501682;0.7185904
128588853;41.17235;-8.6041;-0.1501699;0.7185931
128588856;41.17247;-8.604216;-0.1501719;0.7185952
128588858;41.17258;-8.604371;-0.1501746;0.7185971
128591046;41.17185;-8.603243;-0.1501549;0.7185844
128591048;41.17195;-8.60343;-0.1501582;0.7185861
128591050;41.17206;-8.60356;-0.1501605;0.718588
128591054;41.17239;-8.603845;-0.1501654;0.7185938
128591056;41.17256;-8.603998;-0.1501681;0.7185967
128591059;41.17271;-8.604149;-0.1501707;0.7185994
128591062;41.1728;-8.604298;-0.1501733;0.7186009
128591064;41.17284;-8.604469;-0.1501763;0.7186016
128591066;41.17284;-8.604597;-0.1501786;0.7186016
128591068;41.17282;-8.604707;-0.1501805;0.7186012
128591070;41.17276;-8.604836;-0.1501827;0.7186002
128591072;41.17267;-8.604918;-0.1501841;0.7185987
128591075;41.17257;-8.604962;-0.1501849;0.7185969
128591076;41.17241;-8.60496;-0.1501849;0.7185942
128591079;41.17234;-8.604917;-0.1501841;0.7185928
128591080;41.17227;-8.60484;-0.1501828;0.7185916
128591901;41.17206;-8.604479;-0.1501765;0.718588
128591902;41.17199;-8.604403;-0.1501752;0.7185867
128591905;41.17188;-8.604349;-0.1501742;0.7185848
128594096;41.17219;-8.604262;-0.1501727;0.7185903
128594097;41.17229;-8.604311;-0.1501736;0.718592
128594098;41.1724;-8.604379;-0.1501747;0.718594
128594099;41.17257;-8.604541;-0.1501776;0.7185969
128594102;41.17269;-8.604725;-0.1501808;0.718599
128594103;41.17281;-8.604959;-0.1501849;0.7186011
128594106;41.17287;-8.605169;-0.1501885;0.7186021
128594107;41.1729;-8.605367;-0.150192;0.7186028
128594109;41.17291;-8.605643;-0.1501968;0.7186029
128594110;41.17288;-8.605941;-0.150202;0.7186024
128594112;41.17286;-8.606115;-0.150205;0.718602
128597080;41.17361;-8.605818;-0.1501999;0.7186151
128606054;41.17184;-8.604206;-0.1501717;0.7185842
128607704;41.17208;-8.604187;-0.1501714;0.7185884
287458429;41.18129;-8.604646;-0.1501794;0.7187492
287458431;41.18377;-8.60348;-0.1501591;0.7187924
287458438;41.17769;-8.607152;-0.1502231;0.7186863
287458440;41.17928;-8.605655;-0.150197;0.718714
287458442;41.1796;-8.605463;-0.1501937;0.7187195
287458452;41.17536;-8.608517;-0.150247;0.7186456
297369724;41.17547;-8.591486;-0.1499497;0.7186475
297369726;41.17428;-8.590488;-0.1499323;0.7186267
297369728;41.17311;-8.589509;-0.1499152;0.7186064
297369729;41.17304;-8.589447;-0.1499141;0.7186052
297369731;41.17243;-8.588077;-0.1498902;0.7185945
297369732;41.17229;-8.587662;-0.149883;0.7185921
297369739;41.17476;-8.590866;-0.1499389;0.7186352
297369740;41.17269;-8.588849;-0.1499037;0.718599
319327500;41.17131;-8.595741;-0.150024;0.7185749
401623785;41.17123;-8.588332;-0.1498947;0.7185735
401623786;41.17382;-8.592587;-0.1499689;0.7186188
411504966;41.17125;-8.597713;-0.1500584;0.7185739
411504967;41.17371;-8.605257;-0.1501901;0.7186167
411504968;41.17374;-8.605592;-0.1501959;0.7186174
411504969;41.17384;-8.605885;-0.150201;0.7186191
411504977;41.17468;-8.599753;-0.150094;0.7186337
411504979;41.17395;-8.600734;-0.1501111;0.718621
411504981;41.17384;-8.600998;-0.1501157;0.7186191
411504984;41.17379;-8.601234;-0.1501199;0.7186182
411504986;41.17376;-8.601566;-0.1501257;0.7186177
411504987;41.17371;-8.60358;-0.1501608;0.7186168
411504988;41.17363;-8.605655;-0.150197;0.7186155
411504995;41.17181;-8.598047;-0.1500642;0.7185837
411504997;41.17222;-8.598296;-0.1500686;0.7185908
411504999;41.17337;-8.598979;-0.1500805;0.7186109
411506246;41.17435;-8.606076;-0.1502044;0.718628
411834914;41.17314;-8.608371;-0.1502444;0.7186068
411834915;41.17332;-8.607331;-0.1502263;0.71861
411835382;41.17227;-8.597513;-0.1500549;0.7185917
411835384;41.17262;-8.596466;-0.1500366;0.7185978
411835385;41.17271;-8.596519;-0.1500376;0.7185994
411835386;41.17347;-8.596962;-0.1500453;0.7186126
411835387;41.17376;-8.59713;-0.1500482;0.7186177
411835388;41.17434;-8.597652;-0.1500573;0.7186278
411835389;41.17472;-8.598001;-0.1500634;0.7186344
411835390;41.17484;-8.598178;-0.1500665;0.7186365
411835391;41.17485;-8.598403;-0.1500704;0.7186368
411835393;41.17469;-8.599627;-0.1500918;0.7186339
411835470;41.17204;-8.598188;-0.1500667;0.7185876
412246600;41.17855;-8.606323;-0.1502087;0.7187013
412246602;41.17639;-8.603919;-0.1501667;0.7186635
412246603;41.17653;-8.603923;-0.1501668;0.718666
412246604;41.17671;-8.604003;-0.1501682;0.7186692
412246606;41.17698;-8.604337;-0.150174;0.7186739
412246607;41.17762;-8.605254;-0.15019;0.7186851
412246608;41.17835;-8.606237;-0.1502072;0.7186978
412247985;41.17638;-8.603765;-0.150164;0.7186635
412247991;41.17672;-8.602757;-0.1501464;0.7186693
412247996;41.17682;-8.602172;-0.1501362;0.7186711
412248000;41.17678;-8.601951;-0.1501324;0.7186703
412248004;41.17661;-8.601693;-0.1501279;0.7186674
412248006;41.176;-8.600886;-0.1501138;0.7186568
412248011;41.1759;-8.600744;-0.1501113;0.718655
412248019;41.1758;-8.600197;-0.1501018;0.7186534
412249442;41.1737;-8.603764;-0.150164;0.7186167
412249443;41.1745;-8.603812;-0.1501649;0.7186307
412249444;41.17498;-8.60384;-0.1501653;0.718639
412249445;41.17526;-8.603856;-0.1501656;0.7186439
412249446;41.1762;-8.603909;-0.1501665;0.7186602
412249448;41.175;-8.599947;-0.1500974;0.7186394
412249449;41.1752;-8.600069;-0.1500995;0.7186428
412249450;41.17541;-8.600165;-0.1501012;0.7186464
412249451;41.17612;-8.600151;-0.1501009;0.7186589
412256453;41.17193;-8.598462;-0.1500715;0.7185858
420776909;41.18218;-8.597191;-0.1500493;0.7187647
420776939;41.17646;-8.60001;-0.1500985;0.7186648
420776943;41.17793;-8.599245;-0.1500851;0.7186905
420776945;41.18033;-8.598083;-0.1500649;0.7187323
420776961;41.18017;-8.59477;-0.150007;0.7187296
420777494;41.1739;-8.600844;-0.150113;0.7186202
420777495;41.17161;-8.599462;-0.1500889;0.7185801
420777496;41.17163;-8.59938;-0.1500875;0.7185804
420807840;41.18204;-8.597239;-0.1500501;0.7187623
430006694;41.17848;-8.598961;-0.1500802;0.7187001
430006697;41.18023;-8.60515;-0.1501882;0.7187306
430012027;41.1764;-8.597526;-0.1500551;0.7186638
430012028;41.17644;-8.597821;-0.1500603;0.7186644
430012030;41.17681;-8.599139;-0.1500833;0.7186708
430012057;41.17606;-8.597052;-0.1500469;0.7186578
430012058;41.17606;-8.597285;-0.1500509;0.7186577
432578781;41.17725;-8.599599;-0.1500913;0.7186787
432578798;41.17422;-8.586638;-0.1498651;0.7186257
432578810;41.17299;-8.598751;-0.1500765;0.7186043
432578813;41.17376;-8.599207;-0.1500845;0.7186177
432578817;41.17477;-8.598977;-0.1500805;0.7186354
432578823;41.17359;-8.589907;-0.1499221;0.7186148
432578825;41.17206;-8.587811;-0.1498856;0.7185881
432578826;41.17699;-8.596059;-0.1500295;0.718674
432578827;41.17694;-8.595888;-0.1500265;0.7186733
432578828;41.17692;-8.595286;-0.1500161;0.7186729
432578829;41.17751;-8.588006;-0.149889;0.7186831
432578830;41.1761;-8.595953;-0.1500277;0.7186585
432578831;41.17543;-8.594192;-0.1499969;0.7186468
432578835;41.17778;-8.587725;-0.1498841;0.7186878
432578836;41.18123;-8.583756;-0.1498148;0.7187481
432578837;41.17948;-8.585722;-0.1498491;0.7187175
432578838;41.17849;-8.586858;-0.1498689;0.7187002
432578839;41.17761;-8.587926;-0.1498876;0.7186849
432578841;41.1763;-8.587831;-0.1498859;0.718662
432578842;41.17474;-8.588583;-0.1498991;0.7186347
432578845;41.1749;-8.589197;-0.1499098;0.7186376
432578847;41.17503;-8.589873;-0.1499216;0.7186399
432578848;41.17531;-8.590504;-0.1499326;0.7186447
432578849;41.17632;-8.591585;-0.1499514;0.7186623
432578851;41.17683;-8.591509;-0.1499501;0.7186712
432578852;41.17584;-8.593301;-0.1499814;0.718654
432578853;41.17519;-8.593524;-0.1499853;0.7186427
432578854;41.17469;-8.592427;-0.1499662;0.7186339
432578855;41.17394;-8.591138;-0.1499436;0.7186208
432578856;41.17341;-8.590169;-0.1499267;0.7186115
432578858;41.17475;-8.592408;-0.1499658;0.7186349
432578859;41.17429;-8.592511;-0.1499676;0.7186269
432578860;41.17334;-8.592665;-0.1499703;0.7186103
432578861;41.17286;-8.592876;-0.149974;0.7186019
432578862;41.17245;-8.593091;-0.1499777;0.7185948
432578863;41.1721;-8.59335;-0.1499823;0.7185887
432578864;41.17193;-8.593459;-0.1499842;0.7185858
432578865;41.17357;-8.589133;-0.1499087;0.7186144
432578866;41.17379;-8.589024;-0.1499067;0.7186182
432578867;41.17328;-8.588025;-0.1498893;0.7186093
432578879;41.17503;-8.58917;-0.1499093;0.7186398
432578882;41.17516;-8.589265;-0.149911;0.7186421
432578885;41.17528;-8.589543;-0.1499158;0.7186441
432578888;41.17541;-8.590017;-0.1499241;0.7186464
432578890;41.17541;-8.590364;-0.1499301;0.7186464
432578901;41.17509;-8.59431;-0.149999;0.7186409
432578906;41.17458;-8.594516;-0.1500026;0.718632
432578908;41.17408;-8.594823;-0.150008;0.7186232
432578916;41.17331;-8.595182;-0.1500142;0.7186099
432578919;41.17246;-8.595844;-0.1500258;0.718595
432578922;41.17241;-8.595934;-0.1500273;0.7185941
432578925;41.17241;-8.596037;-0.1500292;0.7185941
432578930;41.17258;-8.596395;-0.1500354;0.7185972
432578938;41.17322;-8.59807;-0.1500646;0.7186082
432578945;41.174;-8.598519;-0.1500725;0.7186218
432589602;41.17971;-8.589706;-0.1499187;0.7187216
432589603;41.1797;-8.589633;-0.1499174;0.7187214
432589605;41.17911;-8.589718;-0.1499189;0.718711
432589606;41.17842;-8.588076;-0.1498902;0.718699
433469176;41.18292;-8.589848;-0.1499211;0.7187775
433469187;41.18274;-8.589906;-0.1499221;0.7187744
433469196;41.18024;-8.5895;-0.1499151;0.7187309
433469199;41.18036;-8.590275;-0.1499286;0.7187328
433469200;41.18047;-8.590504;-0.1499326;0.7187348
433469201;41.18076;-8.590599;-0.1499342;0.7187397
433469204;41.18149;-8.590808;-0.1499379;0.7187526
433469205;41.18205;-8.59096;-0.1499405;0.7187623
433469209;41.18105;-8.588041;-0.1498896;0.7187448
435240898;41.17599;-8.595592;-0.1500214;0.7186565
435240906;41.1778;-8.598452;-0.1500713;0.7186882
435240914;41.17772;-8.59849;-0.150072;0.7186868
435240917;41.17704;-8.594302;-0.1499989;0.7186748
435240927;41.17654;-8.593233;-0.1499802;0.7186663
435240930;41.17598;-8.593262;-0.1499807;0.7186564
435240932;41.17542;-8.593438;-0.1499838;0.7186466
435240959;41.17751;-8.594253;-0.149998;0.7186831
444004669;41.17463;-8.606431;-0.1502106;0.7186329
444004670;41.17487;-8.606714;-0.1502155;0.718637
444004671;41.17503;-8.606919;-0.1502191;0.7186398
444004672;41.17515;-8.607183;-0.1502237;0.718642
444004673;41.1753;-8.607876;-0.1502358;0.7186445
444004674;41.17532;-8.608094;-0.1502396;0.7186449
444004676;41.17524;-8.60748;-0.1502289;0.7186435
444004677;41.17546;-8.607607;-0.1502311;0.7186474
444004678;41.17561;-8.607677;-0.1502323;0.71865
444004679;41.17587;-8.60769;-0.1502325;0.7186544
444004680;41.17619;-8.6076;-0.150231;0.7186601
444004681;41.17648;-8.607414;-0.1502277;0.7186651
444004682;41.17696;-8.607053;-0.1502214;0.7186736
444004683;41.17703;-8.60705;-0.1502214;0.7186747
444011309;41.17822;-8.606638;-0.1502142;0.7186955
444011310;41.1782;-8.606551;-0.1502127;0.7186952
444011311;41.17535;-8.608437;-0.1502456;0.7186455
444011315;41.17447;-8.606213;-0.1502067;0.7186301
444011318;41.17462;-8.605808;-0.1501997;0.7186327
444011320;41.17495;-8.605772;-0.1501991;0.7186384
444011321;41.17521;-8.605737;-0.1501984;0.718643
444011323;41.17556;-8.605751;-0.1501987;0.7186491
444026518;41.18132;-8.596098;-0.1500302;0.7187496
444026520;41.181;-8.595908;-0.1500269;0.7187441
444026522;41.1804;-8.595502;-0.1500198;0.7187337
444026524;41.18005;-8.595274;-0.1500158;0.7187275
444026527;41.18057;-8.595032;-0.1500116;0.7187365
444026528;41.1812;-8.595437;-0.1500187;0.7187476
445028226;41.17979;-8.587152;-0.1498741;0.718723
445028228;41.17989;-8.588222;-0.1498927;0.7187246
445028240;41.18209;-8.589581;-0.1499165;0.7187631
445032809;41.18116;-8.590716;-0.1499363;0.7187469
445032810;41.181;-8.591714;-0.1499537;0.718744
445032812;41.18058;-8.591271;-0.149946;0.7187366
445032816;41.18122;-8.591937;-0.1499576;0.7187479
445032820;41.1813;-8.591983;-0.1499584;0.7187493
445032821;41.18148;-8.590892;-0.1499393;0.7187524
445041881;41.17991;-8.586314;-0.1498595;0.718725
445041886;41.18;-8.585136;-0.1498389;0.7187265
445041888;41.17994;-8.58627;-0.1498587;0.7187255
445439255;41.17333;-8.600507;-0.1501072;0.7186102
445439258;41.17295;-8.600263;-0.1501029;0.7186035
445439261;41.17253;-8.600017;-0.1500986;0.7185962
445439265;41.17199;-8.599699;-0.1500931;0.7185867
445439274;41.17178;-8.598918;-0.1500794;0.7185831
445439284;41.17243;-8.598416;-0.1500707;0.7185944
445439290;41.17431;-8.599542;-0.1500903;0.7186273
445439300;41.17966;-8.589194;-0.1499097;0.7187207
445439324;41.17978;-8.589131;-0.1499086;0.7187226
445439326;41.17972;-8.589216;-0.1499101;0.7187217
445439334;41.17216;-8.599163;-0.1500837;0.7185898
445439337;41.17273;-8.599502;-0.1500896;0.7185996
445439340;41.17311;-8.599744;-0.1500938;0.7186064
445439343;41.17352;-8.599966;-0.1500977;0.7186134
445439344;41.17406;-8.60029;-0.1501034;0.7186229
445439347;41.17396;-8.600578;-0.1501084;0.7186212
504782514;41.17221;-8.6078;-0.1502345;0.7185907
506111738;41.17867;-8.597974;-0.1500629;0.7187034
506111741;41.17841;-8.59417;-0.1499965;0.7186988
506111742;41.17839;-8.593723;-0.1499888;0.7186985
519337747;41.17844;-8.606433;-0.1502106;0.7186993
773982487;41.17296;-8.587258;-0.1498759;0.7186037
773982488;41.1726;-8.588533;-0.1498982;0.7185974
773982497;41.17271;-8.588903;-0.1499046;0.7185994
784475024;41.17694;-8.593234;-0.1499802;0.7186733
1103464865;41.18117;-8.583275;-0.1498064;0.718747
1207565719;41.18262;-8.590792;-0.1499376;0.7187723
1207565720;41.18246;-8.590897;-0.1499394;0.7187696
1207565722;41.18301;-8.590449;-0.1499316;0.7187792
1209790924;41.17175;-8.604308;-0.1501735;0.7185826
1223751572;41.17683;-8.602392;-0.1501401;0.7186712
1223751575;41.1724;-8.599944;-0.1500973;0.718594
1223751578;41.17352;-8.604378;-0.1501747;0.7186134
1223751585;41.1768;-8.592917;-0.1499747;0.7186708
1223751586;41.17305;-8.601209;-0.1501194;0.7186052
1223751590;41.17242;-8.602882;-0.1501486;0.7185943
1223751591;41.17682;-8.593054;-0.1499771;0.718671
1223751592;41.17294;-8.603547;-0.1501602;0.7186034
1223751600;41.1729;-8.604101;-0.1501699;0.7186026
1223751602;41.17702;-8.593048;-0.149977;0.7186746
1223751604;41.1725;-8.603041;-0.1501514;0.7185956
1223751605;41.17299;-8.604321;-0.1501737;0.7186041
1223751606;41.17196;-8.599677;-0.1500927;0.7185861
1223751607;41.17153;-8.600039;-0.150099;0.7185788
1223751610;41.17582;-8.600474;-0.1501066;0.7186536
1223751616;41.17204;-8.601644;-0.150127;0.7185877
1223751620;41.17295;-8.601238;-0.1501199;0.7186035
1223751622;41.17635;-8.589804;-0.1499204;0.7186628
1223751624;41.17705;-8.591673;-0.149953;0.7186751
1223751626;41.17681;-8.592814;-0.1499729;0.7186708
1223751630;41.17691;-8.59558;-0.1500212;0.7186726
1223751631;41.17215;-8.599791;-0.1500947;0.7185897
1223751632;41.17287;-8.603488;-0.1501592;0.7186022
1223751633;41.17316;-8.601195;-0.1501192;0.7186073
1223751641;41.17709;-8.599355;-0.1500871;0.7186759
1223751647;41.17221;-8.601686;-0.1501277;0.7185906
1223751650;41.17618;-8.589496;-0.149915;0.7186599
1223751652;41.17262;-8.603223;-0.1501546;0.7185978
1223751654;41.17327;-8.58781;-0.1498856;0.7186092
1223751659;41.17347;-8.589219;-0.1499102;0.7186126
1223751661;41.17207;-8.601754;-0.1501289;0.7185882
1223751663;41.17728;-8.590299;-0.149929;0.7186791
1223751666;41.17235;-8.602732;-0.150146;0.7185931
1223751669;41.17649;-8.603383;-0.1501574;0.7186654
1223751671;41.17678;-8.602591;-0.1501435;0.7186704
1223751674;41.17691;-8.591535;-0.1499506;0.7186726
1223751675;41.17619;-8.589375;-0.1499129;0.7186601
1223751677;41.17702;-8.592814;-0.1499729;0.7186745
1223751679;41.17324;-8.603684;-0.1501626;0.7186086
1223751681;41.17191;-8.600015;-0.1500986;0.7185854
1223751683;41.1766;-8.598443;-0.1500711;0.7186673
1223751687;41.17215;-8.600003;-0.1500984;0.7185895
1223751693;41.17697;-8.591581;-0.1499514;0.7186737
1223751695;41.17624;-8.589675;-0.1499181;0.7186609
1223751696;41.17701;-8.592854;-0.1499736;0.7186745
1223751697;41.17258;-8.599413;-0.1500881;0.7185972
1223751699;41.17287;-8.601278;-0.1501206;0.7186022
1223751700;41.17357;-8.603755;-0.1501639;0.7186143
1223751712;41.17232;-8.600133;-0.1501006;0.7185925
1223751716;41.1762;-8.589597;-0.1499167;0.7186603
1223751720;41.17275;-8.603381;-0.1501573;0.7186001
1223751723;41.17712;-8.599267;-0.1500855;0.7186763
1223751728;41.17309;-8.603625;-0.1501616;0.718606
1223751730;41.17233;-8.599265;-0.1500855;0.7185926
1223751732;41.17713;-8.591716;-0.1499537;0.7186765
1223751741;41.17295;-8.588029;-0.1498894;0.7186035
1223751746;41.17635;-8.602915;-0.1501492;0.7186629
1223751749;41.1768;-8.592693;-0.1499708;0.7186708
1223751753;41.17694;-8.591705;-0.1499535;0.7186731
1223751757;41.17661;-8.602948;-0.1501498;0.7186674
1223751766;41.17339;-8.603722;-0.1501633;0.7186112
1223751769;41.17692;-8.591751;-0.1499543;0.7186728
1223751778;41.17627;-8.589738;-0.1499192;0.7186615
1223751780;41.17303;-8.604347;-0.1501742;0.7186049
1223751781;41.17352;-8.604529;-0.1501774;0.7186134
1223751783;41.17625;-8.589005;-0.1499064;0.7186612
1223751786;41.17251;-8.601539;-0.1501252;0.7185959
1223751805;41.177;-8.591668;-0.1499529;0.7186742
1223751807;41.17279;-8.603918;-0.1501667;0.7186007
1389528038;41.17976;-8.589194;-0.1499097;0.7187225
1389528039;41.17987;-8.589646;-0.1499176;0.7187243
1389528040;41.18021;-8.589614;-0.1499171;0.7187302
1389528041;41.18033;-8.590049;-0.1499246;0.7187323
1389528042;41.18029;-8.590203;-0.1499273;0.7187316
1389528043;41.18031;-8.590346;-0.1499298;0.7187319
1389528044;41.18035;-8.590469;-0.149932;0.7187327
1389528045;41.1804;-8.590411;-0.149931;0.7187335
1389528047;41.18043;-8.590565;-0.1499336;0.718734
1389528048;41.18059;-8.590629;-0.1499348;0.7187369
1389528052;41.18075;-8.588869;-0.149904;0.7187396
1389528056;41.18102;-8.58818;-0.149892;0.7187444
1389528057;41.18103;-8.589081;-0.1499077;0.7187445
1389528064;41.18201;-8.591043;-0.149942;0.7187617
1389528066;41.18228;-8.590964;-0.1499406;0.7187664
1389528067;41.18233;-8.591045;-0.149942;0.7187673
1389528068;41.18249;-8.590983;-0.149941;0.71877
1389528070;41.18266;-8.590867;-0.1499389;0.718773
1389528072;41.18306;-8.590517;-0.1499328;0.7187799
1402787135;41.18214;-8.591068;-0.1499424;0.7187639
1548554598;41.17572;-8.605812;-0.1501998;0.7186518
1548554599;41.17592;-8.605977;-0.1502026;0.7186554
1548554600;41.17607;-8.606215;-0.1502068;0.718658
1548554601;41.1761;-8.607242;-0.1502247;0.7186586
1548554602;41.17612;-8.606577;-0.1502131;0.7186588
1548554613;41.17835;-8.606344;-0.150209;0.7186978
1548554615;41.17843;-8.606291;-0.1502081;0.7186992
1731171102;41.18126;-8.584566;-0.1498289;0.7187486
1838434491;41.17586;-8.590641;-0.149935;0.7186543
1838434492;41.17598;-8.591605;-0.1499518;0.7186564
1838434493;41.17582;-8.590697;-0.1499359;0.7186537
1838434494;41.17581;-8.590846;-0.1499386;0.7186535
1838434495;41.17591;-8.590609;-0.1499344;0.7186552
1838434497;41.17597;-8.590603;-0.1499343;0.7186562
1838434498;41.17721;-8.590904;-0.1499396;0.7186779
1838434499;41.17581;-8.59076;-0.149937;0.7186534
1838438345;41.17962;-8.585554;-0.1498462;0.71872
1838445085;41.18127;-8.583457;-0.1498096;0.7187487
1842003114;41.17296;-8.587401;-0.1498784;0.7186037
2066740958;41.1749;-8.593264;-0.1499807;0.7186375
2066740961;41.17501;-8.593062;-0.1499772;0.7186396
2066740971;41.17648;-8.587812;-0.1498856;0.7186652
2066740979;41.17739;-8.588026;-0.1498893;0.718681
2066740983;41.1775;-8.588243;-0.1498931;0.7186829
2072674362;41.17451;-8.604077;-0.1501695;0.7186307
2072674363;41.17452;-8.604699;-0.1501803;0.7186309
2072674364;41.17456;-8.604079;-0.1501695;0.7186317
2072674366;41.17476;-8.604084;-0.1501696;0.7186351
2072674367;41.17491;-8.604093;-0.1501697;0.7186377
2072674368;41.17488;-8.604709;-0.1501805;0.7186373
2072674369;41.17474;-8.6047;-0.1501804;0.7186347
2072674370;41.1744;-8.603806;-0.1501648;0.7186288
2072674371;41.17384;-8.603775;-0.1501642;0.718619
2073943320;41.17329;-8.599237;-0.150085;0.7186095
2073943321;41.17422;-8.599795;-0.1500947;0.7186258
2073943322;41.17368;-8.59947;-0.1500891;0.7186162
2084090862;41.17451;-8.60396;-0.1501674;0.7186307
2084090865;41.17486;-8.605191;-0.1501889;0.7186369
2084090866;41.17355;-8.604559;-0.1501779;0.7186139
2084090868;41.17618;-8.604583;-0.1501783;0.7186599
2084090869;41.17616;-8.605072;-0.1501868;0.7186596
2084090870;41.17598;-8.604571;-0.1501781;0.7186565
2084090871;41.17636;-8.603995;-0.150168;0.718663
2084090872;41.17368;-8.604565;-0.150178;0.7186162
2084090873;41.17619;-8.604103;-0.1501699;0.7186601
2084091551;41.17431;-8.606852;-0.1502179;0.7186273
2084091552;41.17392;-8.608056;-0.1502389;0.7186205
2084091553;41.1745;-8.609663;-0.150267;0.7186305
2084091554;41.1745;-8.607914;-0.1502364;0.7186305
2084091555;41.17382;-8.607748;-0.1502335;0.7186188
2084091557;41.17456;-8.609838;-0.15027;0.7186316
2084091558;41.17452;-8.606586;-0.1502133;0.7186309
2084091559;41.17443;-8.606653;-0.1502144;0.7186293
2084091560;41.17437;-8.606742;-0.150216;0.7186282
2084091562;41.17431;-8.608858;-0.1502529;0.7186273
2084091563;41.17425;-8.607343;-0.1502265;0.7186263
2084091565;41.17443;-8.607654;-0.1502319;0.7186294
2084091566;41.17427;-8.607429;-0.150228;0.7186267
2084091567;41.17448;-8.60778;-0.1502341;0.7186302
2084091568;41.17458;-8.608309;-0.1502433;0.7186319
2084091569;41.17448;-8.608123;-0.1502401;0.7186303
2084091570;41.17445;-8.609539;-0.1502648;0.7186298
2084091571;41.17446;-8.608032;-0.1502385;0.7186298
2084091574;41.17443;-8.609416;-0.1502627;0.7186294
2084091578;41.17459;-8.606492;-0.1502116;0.7186322
2084091579;41.17437;-8.607576;-0.1502305;0.7186284
2084091580;41.17426;-8.606959;-0.1502198;0.7186264
2084093827;41.17264;-8.608295;-0.1502431;0.7185981
2084093830;41.17168;-8.607115;-0.1502225;0.7185814
2085810951;41.17633;-8.588018;-0.1498892;0.7186625
2085810952;41.17638;-8.58853;-0.1498981;0.7186635
2085810953;41.17636;-8.588202;-0.1498924;0.7186632
2085810954;41.17639;-8.58839;-0.1498957;0.7186635
2156098688;41.18012;-8.604445;-0.1501759;0.7187287
2156098689;41.18005;-8.604486;-0.1501766;0.7187274
2156098695;41.17896;-8.600214;-0.150102;0.7187084
2156098697;41.18095;-8.604889;-0.1501836;0.7187433
2156098698;41.18007;-8.604427;-0.1501756;0.7187277
2156098702;41.18108;-8.60475;-0.1501812;0.7187455
2156098707;41.17998;-8.6034;-0.1501577;0.7187263
2156098708;41.18001;-8.60435;-0.1501742;0.7187268
2156098709;41.18003;-8.604201;-0.1501716;0.7187272
2156098710;41.17969;-8.603135;-0.150153;0.7187212
2156098711;41.17939;-8.601115;-0.1501178;0.7187158
2156098712;41.1801;-8.604424;-0.1501755;0.7187282
2156098713;41.17984;-8.603466;-0.1501588;0.7187237
2156098716;41.18071;-8.604993;-0.1501855;0.718739
2156098719;41.1791;-8.601145;-0.1501183;0.7187108
2156098725;41.17975;-8.603193;-0.1501541;0.7187223
2156098729;41.17885;-8.600266;-0.1501029;0.7187065
2156098746;41.17929;-8.601053;-0.1501167;0.7187141
2156098749;41.17985;-8.602939;-0.1501496;0.718724
2156098750;41.17924;-8.601069;-0.150117;0.7187134
2156098752;41.17984;-8.602826;-0.1501476;0.7187238
2156098755;41.17965;-8.603098;-0.1501524;0.7187206
2156098756;41.17934;-8.601062;-0.1501168;0.7187151
2156104170;41.18018;-8.604946;-0.1501846;0.7187297
2156104173;41.18219;-8.604222;-0.150172;0.7187649
2156104175;41.18035;-8.605098;-0.1501873;0.7187327
2163677954;41.18048;-8.590314;-0.1499293;0.718735
2163677955;41.1805;-8.590083;-0.1499252;0.7187354
2163677956;41.18049;-8.590027;-0.1499242;0.7187352
2163677959;41.18207;-8.59041;-0.1499309;0.7187627
2163677964;41.18176;-8.590357;-0.14993;0.7187572
2163677965;41.18055;-8.590019;-0.1499241;0.7187362
2185756687;41.17855;-8.59626;-0.150033;0.7187014
2185762047;41.17896;-8.594121;-0.1499957;0.7187083
2185762049;41.17845;-8.594179;-0.1499967;0.7186995
2185762050;41.17841;-8.594207;-0.1499972;0.7186988
2185762064;41.17908;-8.594098;-0.1499953;0.7187105
2185762067;41.1792;-8.596175;-0.1500316;0.7187127
2185765234;41.17915;-8.594031;-0.1499941;0.7187117
2185765235;41.1791;-8.594054;-0.1499945;0.7187108
2185765236;41.17924;-8.594025;-0.149994;0.7187133
2185765237;41.17912;-8.594038;-0.1499943;0.7187112
2185765238;41.17937;-8.59604;-0.1500292;0.7187155
2185766306;41.17937;-8.596114;-0.1500305;0.7187156
2185766307;41.17933;-8.596177;-0.1500316;0.7187149
2185766308;41.17926;-8.596188;-0.1500318;0.7187136
2185766309;41.17929;-8.596185;-0.1500317;0.7187143
2185766310;41.17936;-8.596153;-0.1500312;0.7187153
2185792255;41.17712;-8.597208;-0.1500496;0.7186763
2185792256;41.1773;-8.597104;-0.1500478;0.7186795
2185848561;41.17684;-8.597334;-0.1500518;0.7186714
2185848563;41.17659;-8.597346;-0.150052;0.7186671
2185848565;41.17694;-8.59743;-0.1500535;0.7186733
2185848567;41.17653;-8.597405;-0.150053;0.7186661
2185848568;41.17649;-8.597495;-0.1500546;0.7186654
2185848577;41.17669;-8.597302;-0.1500512;0.7186688
2185848579;41.17641;-8.597607;-0.1500565;0.7186639
2185848581;41.1769;-8.597413;-0.1500532;0.7186725
2185848583;41.17714;-8.597374;-0.1500525;0.7186767
2185848584;41.17698;-8.597399;-0.1500529;0.7186738
2185848586;41.17702;-8.597378;-0.1500525;0.7186746
2185848588;41.17679;-8.597303;-0.1500513;0.7186705
2205380098;41.18115;-8.590793;-0.1499376;0.7187466
2207552041;41.17974;-8.588099;-0.1498906;0.7187221
2354389944;41.17287;-8.604886;-0.1501836;0.7186022
2354389945;41.173;-8.605345;-0.1501916;0.7186044
2354389946;41.17297;-8.605219;-0.1501894;0.7186039
2354389947;41.17193;-8.604184;-0.1501713;0.7185857
2354389948;41.17306;-8.605488;-0.1501941;0.7186055
2354389949;41.17308;-8.605534;-0.1501949;0.7186058
2354389950;41.17311;-8.60558;-0.1501957;0.7186063
2354389951;41.17244;-8.604266;-0.1501728;0.7185946
2354389953;41.17292;-8.605054;-0.1501865;0.7186031
2354389954;41.17268;-8.604527;-0.1501773;0.7185988
2354389955;41.17302;-8.605414;-0.1501928;0.7186048
2354389956;41.17275;-8.604645;-0.1501794;0.7186
2354389958;41.17281;-8.604753;-0.1501813;0.7186011
2354389959;41.17231;-8.604195;-0.1501715;0.7185923
2354389960;41.1722;-8.604158;-0.1501709;0.7185904
2460915605;41.17548;-8.597339;-0.1500519;0.7186478
2460915650;41.17521;-8.599907;-0.1500967;0.718643
2460915651;41.17555;-8.599765;-0.1500942;0.7186489
2460915652;41.17546;-8.599456;-0.1500888;0.7186474
2460915653;41.17639;-8.598983;-0.1500806;0.7186635
2460915654;41.17649;-8.599316;-0.1500864;0.7186653
2460915655;41.17557;-8.599818;-0.1500951;0.7186493
2460915656;41.17544;-8.599924;-0.150097;0.7186469
2460915657;41.1754;-8.600018;-0.1500986;0.7186463
2460915663;41.17441;-8.597711;-0.1500584;0.718629
2460915664;41.17456;-8.5974;-0.1500529;0.7186316
2460915665;41.17475;-8.597302;-0.1500512;0.7186349
2460915666;41.17486;-8.597244;-0.1500502;0.7186369
2460915667;41.17518;-8.597316;-0.1500515;0.7186424
2460915668;41.17543;-8.597382;-0.1500526;0.7186469
2460915669;41.17547;-8.597477;-0.1500543;0.7186475
2460915670;41.17552;-8.597672;-0.1500577;0.7186484
2460915671;41.1745;-8.59752;-0.150055;0.7186307
2460915672;41.17427;-8.5973;-0.1500512;0.7186267
2490198482;41.1716;-8.605512;-0.1501945;0.7185799
2490198483;41.17171;-8.605533;-0.1501949;0.718582
2490198488;41.17271;-8.605373;-0.1501921;0.7185994
2490198489;41.17281;-8.606544;-0.1502125;0.7186012
2490198491;41.17301;-8.605596;-0.150196;0.7186046
2490198492;41.17309;-8.605755;-0.1501988;0.7186059
2583924942;41.18038;-8.591702;-0.1499535;0.7187333
2617650078;41.17844;-8.606293;-0.1502081;0.7186995
2617650079;41.17835;-8.60636;-0.1502093;0.7186978
2617650080;41.18;-8.604331;-0.1501739;0.7187266
2846609713;41.18143;-8.595599;-0.1500215;0.7187516
2846609714;41.18156;-8.595671;-0.1500228;0.7187539
2846609715;41.18169;-8.595694;-0.1500231;0.718756
2846609717;41.18162;-8.595211;-0.1500147;0.7187549
2846609718;41.17979;-8.590189;-0.1499271;0.718723
3092764688;41.17119;-8.596762;-0.1500418;0.7185728
3092764689;41.17094;-8.596543;-0.150038;0.7185685
3092764690;41.17286;-8.606748;-0.1502161;0.7186019
3092764692;41.17183;-8.596783;-0.1500422;0.7185839
3092764693;41.17177;-8.59632;-0.1500341;0.718583
3092764695;41.1719;-8.59582;-0.1500254;0.7185853
3092764696;41.17293;-8.607567;-0.1502304;0.7186031
3092764697;41.17148;-8.594038;-0.1499943;0.7185779
3092764699;41.17209;-8.594604;-0.1500041;0.7185885
3092764702;41.17282;-8.606737;-0.1502159;0.7186013
3092764704;41.17126;-8.600845;-0.1501131;0.718574
3092764705;41.17166;-8.59426;-0.1499981;0.718581
3092764706;41.17043;-8.592746;-0.1499717;0.7185596
3092764708;41.17134;-8.60167;-0.1501275;0.7185754
3092764710;41.17258;-8.594759;-0.1500068;0.7185971
3092764711;41.17153;-8.594244;-0.1499979;0.7185788
3092764713;41.17158;-8.594603;-0.1500041;0.7185796
3092764716;41.17179;-8.595557;-0.1500208;0.7185834
3092764717;41.17128;-8.601102;-0.1501175;0.7185745
3092764718;41.17173;-8.595079;-0.1500124;0.7185822
3139458003;41.18017;-8.586282;-0.1498589;0.7187295
3139458009;41.1818;-8.595804;-0.1500251;0.7187581
3139458019;41.18033;-8.591425;-0.1499487;0.7187324
3139458026;41.18062;-8.59185;-0.1499561;0.7187374
3139458027;41.18024;-8.591259;-0.1499458;0.7187307
3168698809;41.18128;-8.589788;-0.1499201;0.7187489
3168698812;41.18184;-8.589475;-0.1499146;0.7187588
3501878316;41.17141;-8.593472;-0.1499844;0.7185766
3522105970;41.17093;-8.596383;-0.1500352;0.7185682
3522105971;41.17093;-8.596464;-0.1500366;0.7185683
3522105972;41.17093;-8.596294;-0.1500336;0.7185683
3522105973;41.17097;-8.596621;-0.1500393;0.7185689
3522105974;41.17097;-8.596127;-0.1500307;0.718569
3522105976;41.17103;-8.596493;-0.1500371;0.71857
3522105977;41.17104;-8.596755;-0.1500417;0.7185701
3522105978;41.17105;-8.596573;-0.1500385;0.7185704
3522105979;41.17105;-8.595988;-0.1500283;0.7185705
3522105980;41.17106;-8.596174;-0.1500315;0.7185705
3522105981;41.17109;-8.596646;-0.1500398;0.718571
3522105983;41.17115;-8.595881;-0.1500264;0.7185721
3522105984;41.1712;-8.595834;-0.1500256;0.718573
3522105986;41.17123;-8.596954;-0.1500452;0.7185735
3522105987;41.17124;-8.595937;-0.1500274;0.7185736
3522105989;41.17126;-8.596803;-0.1500425;0.7185741
3522105992;41.17139;-8.596816;-0.1500427;0.7185763
3522106293;41.17139;-8.595801;-0.150025;0.7185764
3522106296;41.17142;-8.595653;-0.1500224;0.7185768
3522106298;41.17145;-8.596795;-0.1500424;0.7185773
3522106304;41.17155;-8.597602;-0.1500565;0.7185791
3522106305;41.17158;-8.596681;-0.1500404;0.7185796
3522106307;41.17165;-8.596563;-0.1500383;0.7185808
3522106311;41.1717;-8.596786;-0.1500422;0.7185818
3522106312;41.17173;-8.59555;-0.1500206;0.7185822
3522106316;41.17175;-8.595415;-0.1500183;0.7185825
3522106319;41.1718;-8.595809;-0.1500252;0.7185835
3522106321;41.17184;-8.595474;-0.1500193;0.7185842
3522106322;41.17186;-8.595345;-0.1500171;0.7185844
3522106323;41.17196;-8.595407;-0.1500181;0.7185861
3522106324;41.17197;-8.595279;-0.1500159;0.7185865
3522178888;41.17979;-8.590173;-0.1499268;0.7187229
3522178889;41.17978;-8.589837;-0.1499209;0.7187226
3522178890;41.1798;-8.589609;-0.149917;0.7187231
3554953534;41.17228;-8.600139;-0.1501007;0.7185919
3554953622;41.17366;-8.604894;-0.1501837;0.718616
3554953651;41.17455;-8.605824;-0.1501999;0.7186314
3554953652;41.17461;-8.605445;-0.1501933;0.7186325
3554953655;41.17464;-8.605207;-0.1501892;0.7186331
3554953658;41.17467;-8.603411;-0.1501578;0.7186336
3554953659;41.17469;-8.605173;-0.1501886;0.7186338
3554953660;41.17472;-8.602324;-0.1501389;0.7186344
3554953662;41.17527;-8.603683;-0.1501626;0.718644
3554953664;41.17528;-8.603458;-0.1501587;0.7186441
3554953665;41.17529;-8.605266;-0.1501902;0.7186444
3554953666;41.17532;-8.605257;-0.1501901;0.718645
3554953676;41.17831;-8.599045;-0.1500816;0.7186972
3554953677;41.17843;-8.599105;-0.1500827;0.7186992
3554953679;41.17852;-8.599176;-0.1500839;0.7187008
3554953680;41.17855;-8.599047;-0.1500817;0.7187013
3554953681;41.1786;-8.5989;-0.1500791;0.7187022
3554953684;41.17908;-8.605814;-0.1501998;0.7187105
3554953687;41.1802;-8.605022;-0.150186;0.71873
3554953688;41.18021;-8.605056;-0.1501866;0.7187302
3573222096;41.17862;-8.598066;-0.1500646;0.7187026
3573222097;41.17864;-8.597533;-0.1500553;0.7187029
3573222098;41.1789;-8.600242;-0.1501025;0.7187074
3573222099;41.17915;-8.601116;-0.1501178;0.7187118
3573222104;41.17955;-8.5987;-0.1500756;0.7187186
3573222107;41.1797;-8.59838;-0.15007;0.7187214
3573222108;41.17974;-8.599425;-0.1500883;0.718722
3573222109;41.17978;-8.599579;-0.150091;0.7187227
3573222110;41.17979;-8.598733;-0.1500762;0.7187229
3573222114;41.17987;-8.59884;-0.1500781;0.7187243
3573222116;41.17998;-8.598873;-0.1500787;0.7187262
3573222118;41.18002;-8.604297;-0.1501733;0.7187269
3573222124;41.18029;-8.598701;-0.1500757;0.7187317
3573222125;41.18031;-8.59853;-0.1500726;0.718732
3573222126;41.18036;-8.598492;-0.150072;0.7187328
3573222127;41.18045;-8.599088;-0.1500824;0.7187344
3573222128;41.18049;-8.599237;-0.150085;0.7187351
3573222130;41.18082;-8.599078;-0.1500822;0.7187409
3573222132;41.181;-8.599678;-0.1500927;0.718744
3573222133;41.18106;-8.599693;-0.150093;0.7187451
3573222134;41.1811;-8.598695;-0.1500755;0.7187458
3573222137;41.18122;-8.598666;-0.150075;0.7187479
3573222138;41.18127;-8.599592;-0.1500912;0.7187488
3573222145;41.1814;-8.598719;-0.150076;0.718751
3573222147;41.18141;-8.598787;-0.1500771;0.7187513
3573222157;41.18155;-8.599469;-0.1500891;0.7187536
3573222198;41.18213;-8.5992;-0.1500844;0.7187638
3573222201;41.18222;-8.599161;-0.1500837;0.7187653
3573222212;41.18251;-8.599027;-0.1500813;0.7187704
3573222252;41.18314;-8.59042;-0.1499311;0.7187815
3713666408;41.17156;-8.594142;-0.1499961;0.7185793
3713666409;41.17176;-8.594363;-0.1499999;0.7185829
3713666410;41.17186;-8.596482;-0.1500369;0.7185846
3713666411;41.17189;-8.595479;-0.1500194;0.7185851
3713666412;41.17198;-8.594533;-0.1500029;0.7185866
3713666413;41.1721;-8.596061;-0.1500296;0.7185888
3713666414;41.17217;-8.595919;-0.1500271;0.71859
3713666415;41.17221;-8.594659;-0.1500051;0.7185906
3713666416;41.17225;-8.595785;-0.1500248;0.7185913
3713666417;41.17231;-8.595114;-0.150013;0.7185924
3713666418;41.17232;-8.595225;-0.150015;0.7185926
3713666419;41.17243;-8.595545;-0.1500206;0.7185945
3713666420;41.17245;-8.59474;-0.1500065;0.7185949
3713666421;41.17253;-8.595434;-0.1500186;0.7185962
3713666422;41.17274;-8.595243;-0.1500153;0.7185999
3713666423;41.17285;-8.59516;-0.1500138;0.7186018
3713666424;41.17287;-8.594858;-0.1500086;0.7186021
3713667325;41.17287;-8.594761;-0.1500069;0.7186021
3713667326;41.17294;-8.59497;-0.1500105;0.7186034
3713667327;41.17296;-8.595079;-0.1500124;0.7186037
3713816541;41.17132;-8.596814;-0.1500427;0.7185751
3713816542;41.17153;-8.596732;-0.1500413;0.7185788
3713816543;41.17188;-8.595314;-0.1500165;0.7185848
3713816544;41.17376;-8.594438;-0.1500012;0.7186176
3713816545;41.17436;-8.594164;-0.1499965;0.7186281
3713816546;41.17427;-8.594416;-0.1500009;0.7186265
3713816547;41.17483;-8.594167;-0.1499965;0.7186363
3713816548;41.17554;-8.593879;-0.1499915;0.7186489
3713843046;41.17481;-8.593964;-0.149993;0.718636
3713843047;41.17554;-8.593673;-0.1499879;0.7186487
3713843048;41.17615;-8.593493;-0.1499848;0.7186593
3713843049;41.17617;-8.593688;-0.1499881;0.7186598
3713843050;41.1764;-8.593434;-0.1499837;0.7186638
3713843051;41.17641;-8.593632;-0.1499872;0.718664
3713843052;41.17696;-8.593324;-0.1499818;0.7186735
3713843053;41.17697;-8.593525;-0.1499853;0.7186737
3713843054;41.17728;-8.593493;-0.1499847;0.7186791
3713963389;41.17727;-8.593293;-0.1499813;0.7186789
3713963390;41.17842;-8.593181;-0.1499793;0.718699
3713963391;41.17847;-8.593376;-0.1499827;0.7186999
3713963392;41.17941;-8.592203;-0.1499622;0.7187163
3713963393;41.17941;-8.592432;-0.1499662;0.7187163
3713963394;41.17944;-8.592547;-0.1499682;0.7187168
3713963395;41.17949;-8.591958;-0.149958;0.7187176
3713963396;41.17953;-8.592735;-0.1499715;0.7187185
3713963397;41.1796;-8.591801;-0.1499552;0.7187196
3713963398;41.17968;-8.592861;-0.1499737;0.7187209
3713963399;41.17976;-8.5917;-0.1499534;0.7187225
3713963400;41.17987;-8.59296;-0.1499754;0.7187243
3713963401;41.17989;-8.591679;-0.1499531;0.7187247
3713963402;41.17995;-8.593211;-0.1499798;0.7187257
3713963403;41.17997;-8.59169;-0.1499533;0.718726
3713963404;41.18006;-8.593917;-0.1499921;0.7187276
3713963405;41.18007;-8.590695;-0.1499359;0.7187278
3713963406;41.18008;-8.593713;-0.1499886;0.7187281
3713963407;41.18009;-8.594115;-0.1499956;0.7187282
3713963408;41.1801;-8.591751;-0.1499543;0.7187283
3713963409;41.18013;-8.590905;-0.1499396;0.7187288
3713963410;41.18015;-8.593542;-0.1499856;0.7187291
3713963411;41.18016;-8.594274;-0.1499984;0.7187293
3713963412;41.18019;-8.594329;-0.1499993;0.7187299
3713963413;41.18021;-8.59186;-0.1499562;0.7187303
3713963414;41.18023;-8.593421;-0.1499835;0.7187306
3713963415;41.18026;-8.591915;-0.1499572;0.7187311
3713963416;41.18031;-8.592969;-0.1499756;0.7187321
3713963417;41.18028;-8.593377;-0.1499827;0.7187315
3713963418;41.18029;-8.594426;-0.150001;0.7187316
3713963419;41.18033;-8.593338;-0.149982;0.7187324
3713963420;41.18034;-8.594465;-0.1500017;0.7187325
3713963421;41.18045;-8.594516;-0.1500026;0.7187344
3713963422;41.18051;-8.594525;-0.1500028;0.7187355
3713963423;41.18055;-8.593238;-0.1499803;0.7187362
3713963424;41.18064;-8.594508;-0.1500025;0.7187377
3713963925;41.18069;-8.591933;-0.1499575;0.7187386
3713963926;41.18076;-8.592017;-0.149959;0.7187399
3713963927;41.1808;-8.59293;-0.1499749;0.7187406
3713963928;41.18081;-8.5944;-0.1500006;0.7187407
3713963929;41.18085;-8.594351;-0.1499997;0.7187415
3713963930;41.1809;-8.594289;-0.1499986;0.7187423
3713963931;41.18093;-8.592171;-0.1499617;0.7187428
3713963932;41.18099;-8.59367;-0.1499878;0.7187439
3713963933;41.181;-8.593817;-0.1499904;0.7187441
3713963934;41.181;-8.593946;-0.1499927;0.7187441
3713963935;41.18102;-8.592238;-0.1499629;0.7187445
3713963936;41.18105;-8.592923;-0.1499748;0.7187448
3713963937;41.18106;-8.593158;-0.1499789;0.7187451
3713963938;41.18111;-8.592299;-0.1499639;0.718746
3713963939;41.18135;-8.592928;-0.1499749;0.7187502
3713963940;41.18137;-8.593157;-0.1499789;0.7187504
3713963941;41.18141;-8.592453;-0.1499666;0.7187511
3713963946;41.18169;-8.592952;-0.1499753;0.7187561
3713963949;41.18184;-8.592972;-0.1499757;0.7187588
3799695584;41.17184;-8.593468;-0.1499843;0.7185842
3799695585;41.1716;-8.59339;-0.1499829;0.7185799
3799695586;41.17146;-8.593413;-0.1499834;0.7185775
4087312908;41.17368;-8.605838;-0.1502002;0.7186162
4149583051;41.17958;-8.598435;-0.150071;0.7187194
4161712070;41.17551;-8.597219;-0.1500498;0.7186483
4161712071;41.17553;-8.597119;-0.150048;0.7186486
4161712072;41.17556;-8.597102;-0.1500477;0.718649
4161712073;41.17557;-8.597064;-0.1500471;0.7186492
4161712074;41.17558;-8.597023;-0.1500464;0.7186494
4161712075;41.17561;-8.597014;-0.1500462;0.71865
4161712076;41.17566;-8.596985;-0.1500457;0.7186508
4161712077;41.17568;-8.596975;-0.1500455;0.7186512
4161788736;41.17315;-8.607874;-0.1502357;0.718607
4202779464;41.17947;-8.607934;-0.1502368;0.7187174
4202779466;41.17944;-8.60766;-0.150232;0.7187169
4202779467;41.17945;-8.607751;-0.1502336;0.7187171
4202779468;41.17942;-8.607403;-0.1502275;0.7187164
4202779470;41.17931;-8.607129;-0.1502227;0.7187145
4202779472;41.1787;-8.608225;-0.1502419;0.7187038
4202779473;41.17947;-8.608068;-0.1502391;0.7187174
4202779474;41.17875;-8.606116;-0.1502051;0.7187048
4203872921;41.17802;-8.608267;-0.1502426;0.7186921
4203872923;41.17894;-8.606646;-0.1502143;0.7187081
4203872926;41.17767;-8.607491;-0.1502291;0.7186859
4203872930;41.17884;-8.606733;-0.1502158;0.7187064
4203872944;41.179;-8.606574;-0.150213;0.7187092
4203872957;41.17851;-8.607053;-0.1502214;0.7187006
4203872958;41.17871;-8.606854;-0.150218;0.7187041
4204295151;41.17942;-8.60814;-0.1502404;0.7187164
4204296205;41.17917;-8.608178;-0.150241;0.7187122
4210543490;41.17733;-8.607956;-0.1502372;0.7186799
4210543491;41.17733;-8.607998;-0.1502379;0.7186799
4210543492;41.17733;-8.607883;-0.1502359;0.7186799
4210543493;41.17736;-8.607811;-0.1502346;0.7186804
4210543496;41.17741;-8.607735;-0.1502333;0.7186814
4210543498;41.17751;-8.607633;-0.1502315;0.7186831
4210543499;41.17757;-8.607563;-0.1502303;0.7186842
4210569948;41.17768;-8.607534;-0.1502298;0.7186861
4210569949;41.17773;-8.607408;-0.1502276;0.718687
4210569950;41.17778;-8.607362;-0.1502268;0.7186878
4210569951;41.17785;-8.607325;-0.1502262;0.718689
4210569952;41.17795;-8.607299;-0.1502257;0.7186908
4210569953;41.17792;-8.607517;-0.1502295;0.7186903
4210569954;41.17796;-8.607559;-0.1502302;0.7186909
4210569960;41.17824;-8.607277;-0.1502253;0.7186959
4210569962;41.17838;-8.607175;-0.1502235;0.7186984
4210849143;41.17877;-8.606095;-0.1502047;0.7187052
4210849144;41.17881;-8.606055;-0.150204;0.7187059
4210849146;41.1789;-8.60623;-0.150207;0.7187073
4210849149;41.17893;-8.606281;-0.150208;0.7187079
4210849151;41.17896;-8.606306;-0.1502084;0.7187085
4210849155;41.17899;-8.606308;-0.1502084;0.7187089
4210849156;41.179;-8.606298;-0.1502082;0.7187092
4210849160;41.17901;-8.60654;-0.1502125;0.7187093
4210849162;41.17902;-8.60656;-0.1502128;0.7187094
4282469011;41.17567;-8.595314;-0.1500165;0.7186509
4282469012;41.17567;-8.595147;-0.1500136;0.7186511
4282469014;41.17571;-8.595429;-0.1500185;0.7186517
4282469015;41.17574;-8.595008;-0.1500112;0.7186521
4282469025;41.17581;-8.595492;-0.1500196;0.7186534
4282469037;41.17595;-8.595498;-0.1500197;0.7186558
4282469042;41.17608;-8.596456;-0.1500365;0.7186582
4282469044;41.17627;-8.596456;-0.1500365;0.7186615
4282469045;41.17653;-8.596474;-0.1500368;0.718666
4282469046;41.17698;-8.597178;-0.1500491;0.7186739
4282469047;41.17705;-8.597211;-0.1500496;0.7186751
4282469049;41.17725;-8.597307;-0.1500513;0.7186785
4282469050;41.17733;-8.59384;-0.1499908;0.71868
4282469051;41.17736;-8.594064;-0.1499947;0.7186804
4282469053;41.1784;-8.593948;-0.1499927;0.7186987
4282469056;41.179;-8.593671;-0.1499878;0.7187092
4282469057;41.17903;-8.593884;-0.1499916;0.7187097
4378171712;41.17662;-8.607334;-0.1502263;0.7186675
4378171717;41.17688;-8.607469;-0.1502287;0.7186722
4378171719;41.17694;-8.60778;-0.1502341;0.7186731
4378171721;41.17697;-8.607754;-0.1502336;0.7186736
4378171722;41.177;-8.607164;-0.1502234;0.7186742
4378171726;41.17704;-8.607131;-0.1502228;0.7186748
4378171728;41.17704;-8.607018;-0.1502208;0.7186749
4378171730;41.17716;-8.607003;-0.1502205;0.718677
4378171733;41.17706;-8.606993;-0.1502204;0.7186753
4378171735;41.17714;-8.606982;-0.1502202;0.7186766
4378171737;41.17708;-8.606977;-0.1502201;0.7186757
4378171739;41.17711;-8.606974;-0.15022;0.7186761
4378185400;41.17958;-8.607944;-0.1502369;0.7187192
4378185406;41.17961;-8.606771;-0.1502165;0.7187197
4378185408;41.17965;-8.605584;-0.1501958;0.7187205
4378185409;41.17965;-8.607942;-0.1502369;0.7187205
4378185413;41.1797;-8.607966;-0.1502374;0.7187213
4378185430;41.17991;-8.608075;-0.1502393;0.718725
4378185433;41.17995;-8.606623;-0.1502139;0.7187257
4378185445;41.18006;-8.604444;-0.1501759;0.7187276
4378185590;41.18022;-8.606051;-0.1502039;0.7187304
4378185604;41.18025;-8.605243;-0.1501898;0.7187309
4378185609;41.18027;-8.605326;-0.1501913;0.7187312
4378185611;41.18027;-8.605209;-0.1501892;0.7187313
4378185615;41.18029;-8.605124;-0.1501877;0.7187316
4378185622;41.18031;-8.605227;-0.1501895;0.7187319
4378185624;41.18031;-8.605511;-0.1501945;0.7187321
4378185629;41.18033;-8.606005;-0.1502031;0.7187323
4378185630;41.18033;-8.605213;-0.1501893;0.7187323
4378185632;41.18034;-8.60554;-0.150195;0.7187325
4378185634;41.18034;-8.605498;-0.1501943;0.7187325
4378185635;41.18034;-8.606582;-0.1502132;0.7187325
4378185636;41.18034;-8.606063;-0.1502041;0.7187326
4378185640;41.18037;-8.605485;-0.150194;0.718733
4378185653;41.18039;-8.605517;-0.1501946;0.7187334
4378185655;41.18039;-8.605474;-0.1501938;0.7187334
4378185658;41.1804;-8.605588;-0.1501958;0.7187337
4378185663;41.18043;-8.605059;-0.1501866;0.718734
4378185666;41.18045;-8.606534;-0.1502124;0.7187345
4378185670;41.18047;-8.60601;-0.1502032;0.7187348
4378185676;41.18049;-8.605304;-0.1501909;0.7187351
4378185678;41.18049;-8.606002;-0.1502031;0.7187352
4378185683;41.18051;-8.606794;-0.1502169;0.7187355
4378185688;41.18052;-8.608392;-0.1502448;0.7187356
4378185791;41.18053;-8.605366;-0.150192;0.7187359
4378185792;41.18054;-8.605442;-0.1501933;0.7187361
4378185796;41.18056;-8.605288;-0.1501906;0.7187364
4378185797;41.18056;-8.608368;-0.1502444;0.7187365
4378185801;41.18058;-8.606483;-0.1502115;0.7187367
4378185802;41.18058;-8.605241;-0.1501898;0.7187367
4378185803;41.18058;-8.60556;-0.1501954;0.7187368
4378185807;41.1806;-8.605303;-0.1501909;0.7187371
4378185811;41.18061;-8.605717;-0.1501981;0.7187372
4378185821;41.18063;-8.606546;-0.1502126;0.7187376
4378185824;41.18064;-8.605864;-0.1502007;0.7187377
4378185829;41.18066;-8.60673;-0.1502158;0.7187381
4378185830;41.18066;-8.606013;-0.1502033;0.7187382
4378185835;41.18069;-8.606166;-0.1502059;0.7187386
4378185839;41.18073;-8.606544;-0.1502125;0.7187394
4378185840;41.18073;-8.606315;-0.1502085;0.7187394
4378185843;41.18074;-8.606471;-0.1502113;0.7187396
4378185846;41.18078;-8.607488;-0.150229;0.7187402
4378185849;41.18081;-8.606441;-0.1502107;0.7187407
4378185851;41.18082;-8.607646;-0.1502318;0.718741
4378185857;41.18089;-8.606403;-0.1502101;0.718742
4378185859;41.18092;-8.606526;-0.1502122;0.7187425
4378185861;41.18092;-8.605391;-0.1501924;0.7187427
4378185864;41.18094;-8.607425;-0.1502279;0.718743
4378185866;41.18097;-8.605545;-0.1501951;0.7187434
4378185867;41.181;-8.605688;-0.1501976;0.7187441
4378185868;41.18101;-8.605035;-0.1501862;0.7187442
4378185870;41.18102;-8.607769;-0.1502339;0.7187444
4378185871;41.18103;-8.605096;-0.1501873;0.7187446
4378185872;41.18103;-8.606469;-0.1502112;0.7187446
4378185874;41.18105;-8.605837;-0.1502002;0.7187448
4378185875;41.18106;-8.607445;-0.1502282;0.7187451
4378185876;41.18108;-8.6078;-0.1502344;0.7187454
4378185877;41.18108;-8.60598;-0.1502027;0.7187455
4378185879;41.1811;-8.607595;-0.1502309;0.7187457
4378185880;41.1811;-8.606026;-0.1502035;0.7187458
4378185882;41.18112;-8.607354;-0.1502267;0.7187462
4378185883;41.18113;-8.606129;-0.1502053;0.7187462
4378185886;41.18115;-8.607813;-0.1502347;0.7187466
4378185887;41.18115;-8.606415;-0.1502103;0.7187467
4378185888;41.18116;-8.606268;-0.1502077;0.7187469
4378185894;41.1812;-8.605253;-0.15019;0.7187475
4378185898;41.18124;-8.607825;-0.1502349;0.7187482
4378185901;41.18126;-8.606365;-0.1502094;0.7187485
4378185902;41.18126;-8.607288;-0.1502255;0.7187486
4378185917;41.18134;-8.605909;-0.1502015;0.7187499
4378185926;41.18139;-8.605158;-0.1501883;0.7187508
4378185927;41.18139;-8.607787;-0.1502342;0.7187509
4378185948;41.18157;-8.605068;-0.1501868;0.7187539
4378185958;41.18161;-8.604496;-0.1501768;0.7187547
4378185962;41.18163;-8.604742;-0.1501811;0.7187549
4378185967;41.18164;-8.604804;-0.1501822;0.7187552
4378185974;41.18166;-8.604758;-0.1501814;0.7187555
4378185977;41.18166;-8.604473;-0.1501764;0.7187555
4378185978;41.18166;-8.605021;-0.150186;0.7187556
4378186012;41.18181;-8.60495;-0.1501847;0.7187582
4378186138;41.18228;-8.604181;-0.1501713;0.7187664
4378186209;41.18261;-8.604029;-0.1501686;0.7187721
4378186376;41.18354;-8.603587;-0.1501609;0.7187884
4381093214;41.17703;-8.607105;-0.1502223;0.7186747
4381093215;41.17702;-8.607078;-0.1502218;0.7186747
4381093216;41.17718;-8.607032;-0.150221;0.7186773
4381093217;41.17719;-8.607067;-0.1502217;0.7186775
4381093218;41.17718;-8.607103;-0.1502223;0.7186774
4381093219;41.17717;-8.607137;-0.1502229;0.7186772
4381093220;41.17715;-8.607163;-0.1502233;0.7186769
4381093221;41.17713;-8.60718;-0.1502236;0.7186764
4381093222;41.1771;-8.607185;-0.1502237;0.718676
4381093223;41.17707;-8.607178;-0.1502236;0.7186756
4381093224;41.17705;-8.607159;-0.1502233;0.7186751
4381093229;41.17689;-8.607863;-0.1502356;0.7186723
4381093243;41.17833;-8.606411;-0.1502102;0.7186975
4381097464;41.18015;-8.604859;-0.1501831;0.7187293
4384588844;41.18043;-8.603195;-0.1501541;0.718734
4384588845;41.18059;-8.603251;-0.1501551;0.7187368
4384588846;41.18061;-8.603354;-0.1501569;0.7187372
4384588847;41.18059;-8.603466;-0.1501588;0.7187369
4384588848;41.18055;-8.603538;-0.1501601;0.7187361
4384588849;41.18023;-8.603697;-0.1501628;0.7187305
4384588854;41.18055;-8.603192;-0.150154;0.7187362
4384588855;41.18052;-8.603182;-0.1501538;0.7187356
4384588856;41.1806;-8.603298;-0.1501559;0.7187371
4384588858;41.18045;-8.603584;-0.1501609;0.7187344
4384588859;41.18061;-8.604123;-0.1501703;0.7187372
4384591143;41.18019;-8.604705;-0.1501804;0.7187299
4393940282;41.17279;-8.588799;-0.1499028;0.7186007
4393940287;41.17305;-8.589571;-0.1499163;0.7186053
4393941394;41.17334;-8.589423;-0.1499137;0.7186103
4393941395;41.17337;-8.58972;-0.1499189;0.7186108
4393941398;41.17344;-8.590046;-0.1499246;0.7186121
4393941400;41.1735;-8.589957;-0.149923;0.7186131
4393941409;41.17397;-8.589631;-0.1499173;0.7186213
4393941410;41.174;-8.589621;-0.1499172;0.7186219
4413343749;41.18144;-8.584169;-0.149822;0.7187517
4418972102;41.18118;-8.589874;-0.1499216;0.7187473
4418972103;41.18104;-8.589971;-0.1499233;0.7187448
4418972104;41.18099;-8.590064;-0.1499249;0.7187439
4418972105;41.18097;-8.590137;-0.1499262;0.7187436
4441072621;41.17963;-8.590945;-0.1499403;0.7187202
4441072622;41.17717;-8.591272;-0.149946;0.7186773
4441072623;41.17733;-8.591396;-0.1499481;0.71868
4441072624;41.17771;-8.59184;-0.1499559;0.7186866
4441072625;41.1781;-8.592356;-0.1499649;0.7186935
4441072626;41.17727;-8.590377;-0.1499304;0.7186789
4441072627;41.17744;-8.59038;-0.1499304;0.7186819
4441072628;41.17756;-8.590479;-0.1499321;0.718684
4441072629;41.17778;-8.590729;-0.1499365;0.7186878
4441072630;41.17799;-8.59108;-0.1499426;0.7186914
4441072631;41.17872;-8.592158;-0.1499615;0.7187043
4441072632;41.17786;-8.591775;-0.1499548;0.7186893
4441072633;41.17798;-8.591552;-0.1499509;0.7186913
4441072634;41.17817;-8.591348;-0.1499473;0.7186946
4441072635;41.17826;-8.59127;-0.149946;0.7186962
4441072636;41.17835;-8.591043;-0.149942;0.7186978
4441072669;41.17791;-8.587562;-0.1498812;0.7186902
4452244279;41.17588;-8.60147;-0.150124;0.7186547
4452244280;41.17593;-8.601583;-0.1501259;0.7186555
4452244281;41.17595;-8.601708;-0.1501281;0.7186558
4452244282;41.17591;-8.601807;-0.1501299;0.7186553
4452244283;41.17568;-8.602127;-0.1501354;0.7186512
4452244284;41.17592;-8.601564;-0.1501256;0.7186553
4452244285;41.17561;-8.602;-0.1501332;0.71865
4452244286;41.1761;-8.607242;-0.1502247;0.7186586
4452244287;41.17606;-8.607288;-0.1502255;0.7186577
4452244288;41.17593;-8.607286;-0.1502255;0.7186556
4452247989;41.17579;-8.607244;-0.1502247;0.718653
4452247990;41.17575;-8.60713;-0.1502228;0.7186524
4452247991;41.17576;-8.60703;-0.150221;0.7186526
4452247992;41.17575;-8.606936;-0.1502194;0.7186524
4452247993;41.17569;-8.606878;-0.1502184;0.7186514
4452247994;41.17558;-8.606875;-0.1502183;0.7186495
4452247995;41.17552;-8.606911;-0.1502189;0.7186484
4452247996;41.17543;-8.60699;-0.1502203;0.7186469
4452247997;41.17539;-8.607081;-0.1502219;0.7186462
4452247998;41.17538;-8.607213;-0.1502242;0.718646
4452247999;41.17536;-8.607335;-0.1502263;0.7186456
4452248000;41.17533;-8.607437;-0.1502281;0.718645
4452248001;41.17531;-8.607517;-0.1502295;0.7186447
4452248002;41.17558;-8.606823;-0.1502174;0.7186494
4452248003;41.17564;-8.606688;-0.150215;0.7186505
4452248004;41.17569;-8.606539;-0.1502124;0.7186514
4452248005;41.17574;-8.60639;-0.1502098;0.7186521
4452248006;41.17582;-8.60626;-0.1502076;0.7186536
4452248007;41.17589;-8.606236;-0.1502071;0.7186549
4452315942;41.1712;-8.604618;-0.1501789;0.718573
4452315949;41.17149;-8.605718;-0.1501981;0.7185781
4452315954;41.17729;-8.590176;-0.1499268;0.7186793
4455723064;41.17077;-8.588617;-0.1498996;0.7185655
4455723065;41.17233;-8.591306;-0.1499466;0.7185927
4455723069;41.17107;-8.589562;-0.1499161;0.7185707
4455723086;41.17119;-8.589335;-0.1499122;0.7185728
4455723087;41.17163;-8.590095;-0.1499254;0.7185804
4455723088;41.17144;-8.590296;-0.1499289;0.7185771
4455723289;41.17107;-8.589639;-0.1499175;0.7185708
4455723290;41.17245;-8.591742;-0.1499542;0.7185948
4455723291;41.17192;-8.59084;-0.1499384;0.7185857
4455723292;41.17201;-8.590755;-0.1499369;0.7185872
4455723293;41.17406;-8.595484;-0.1500195;0.718623
4455723294;41.17413;-8.595448;-0.1500189;0.7186241
4455723295;41.17437;-8.594886;-0.1500091;0.7186284
4455723296;41.17441;-8.595656;-0.1500225;0.718629
4455723297;41.17435;-8.595831;-0.1500255;0.7186279
4455723298;41.17449;-8.595441;-0.1500187;0.7186304
4455723299;41.17456;-8.59525;-0.1500154;0.7186317
4455723300;41.17464;-8.595547;-0.1500206;0.7186331
4455723301;41.17427;-8.595551;-0.1500207;0.7186265
4455723302;41.1745;-8.594995;-0.150011;0.7186307
4455723303;41.17236;-8.597257;-0.1500504;0.7185932
4455723304;41.1721;-8.597072;-0.1500472;0.7185887
4455723305;41.17221;-8.596524;-0.1500376;0.7185906
4455723306;41.1722;-8.596452;-0.1500364;0.7185905
4455723307;41.17214;-8.596321;-0.1500341;0.7185894
4455723308;41.17214;-8.596265;-0.1500331;0.7185894
4455723309;41.17227;-8.596081;-0.1500299;0.7185917
4455723310;41.17213;-8.597914;-0.1500619;0.7185892
4455723314;41.17213;-8.597118;-0.150048;0.7185893
4455723315;41.17374;-8.602365;-0.1501396;0.7186173
4455723316;41.17309;-8.602316;-0.1501387;0.718606
4455723317;41.17363;-8.603758;-0.1501639;0.7186154
4455723318;41.17367;-8.60236;-0.1501395;0.7186161
4455723319;41.17371;-8.60123;-0.1501198;0.7186167
4455723320;41.17429;-8.608763;-0.1502513;0.7186269
4455723321;41.17414;-8.60851;-0.1502468;0.7186244
4455723322;41.1738;-8.607845;-0.1502352;0.7186183
4455723323;41.17382;-8.607562;-0.1502303;0.7186187
4455723324;41.17375;-8.607562;-0.1502303;0.7186174
4455723325;41.17374;-8.607761;-0.1502338;0.7186173
4455723335;41.17727;-8.607489;-0.150229;0.7186789
4455723336;41.17712;-8.607729;-0.1502332;0.7186763
4455723337;41.17747;-8.607287;-0.1502255;0.7186825
4455723338;41.17785;-8.606912;-0.1502189;0.718689
4463691488;41.18043;-8.590463;-0.1499319;0.718734
4463692789;41.18039;-8.590525;-0.1499329;0.7187334
4463692790;41.18032;-8.590415;-0.149931;0.7187322
4463692791;41.18037;-8.59036;-0.1499301;0.7187331
4463692792;41.18028;-8.589443;-0.1499141;0.7187315
4463731540;41.18032;-8.586029;-0.1498545;0.7187322
4463731558;41.18089;-8.588987;-0.1499061;0.7187422
4474021917;41.17746;-8.58802;-0.1498892;0.7186822
4474021918;41.17756;-8.587967;-0.1498883;0.718684
4474021919;41.17743;-8.588024;-0.1498893;0.7186816
4474021920;41.17751;-8.588079;-0.1498903;0.7186831
4474021921;41.17543;-8.590198;-0.1499272;0.7186468
4474021922;41.17542;-8.590287;-0.1499288;0.7186467
4474021923;41.17522;-8.589397;-0.1499133;0.7186431
4474021924;41.1751;-8.589186;-0.1499096;0.7186411
4474021925;41.17524;-8.590354;-0.14993;0.7186434
4474021926;41.17537;-8.590435;-0.1499314;0.7186457
4474021928;41.17696;-8.591676;-0.149953;0.7186736
4474021930;41.17709;-8.591669;-0.1499529;0.7186757
4474021931;41.17711;-8.591639;-0.1499524;0.7186762
4474021932;41.17714;-8.591581;-0.1499514;0.7186767
4474021933;41.17704;-8.591699;-0.1499534;0.7186749
4474021934;41.17707;-8.591733;-0.149954;0.7186756
4474021935;41.17709;-8.591777;-0.1499548;0.7186758
4474021936;41.1771;-8.591831;-0.1499557;0.718676
4474021937;41.17711;-8.591892;-0.1499568;0.7186762
4474021938;41.17698;-8.593138;-0.1499785;0.7186739
4474021939;41.1769;-8.593145;-0.1499787;0.7186725
4474021940;41.17685;-8.593094;-0.1499778;0.7186717
4474021941;41.17699;-8.592974;-0.1499757;0.7186741
4474021942;41.17698;-8.593052;-0.149977;0.7186738
4474021943;41.17694;-8.593081;-0.1499776;0.7186732
4474021944;41.17689;-8.593075;-0.1499774;0.7186723
4474021945;41.17686;-8.593044;-0.1499769;0.7186719
4474021946;41.17685;-8.592974;-0.1499757;0.7186715
4474021947;41.17703;-8.592969;-0.1499756;0.7186748
4474021948;41.1768;-8.592975;-0.1499757;0.7186707
4474021949;41.177;-8.593095;-0.1499778;0.7186742
4478069033;41.17447;-8.590635;-0.1499349;0.7186301
4478069038;41.17443;-8.588729;-0.1499016;0.7186294
4478069039;41.17328;-8.592699;-0.1499709;0.7186093
4478069040;41.17318;-8.593044;-0.1499769;0.7186076
4478069041;41.17312;-8.593287;-0.1499812;0.7186065
4478069042;41.17308;-8.593513;-0.1499851;0.7186059
4478069043;41.17305;-8.5938;-0.1499901;0.7186053
4478069044;41.17304;-8.594035;-0.1499942;0.7186051
4478069045;41.17304;-8.594193;-0.149997;0.7186052
4478069046;41.17302;-8.594462;-0.1500017;0.7186047
4478069047;41.17153;-8.593382;-0.1499828;0.7185788
4478069048;41.17256;-8.593015;-0.1499764;0.7185968
4478069049;41.1741;-8.588267;-0.1498935;0.7186236
4478069050;41.17385;-8.586798;-0.1498679;0.7186193
4478069051;41.1733;-8.588156;-0.1498916;0.7186096
4478069052;41.17346;-8.589992;-0.1499236;0.7186125
4478069055;41.17565;-8.591684;-0.1499532;0.7186507
4478069058;41.17561;-8.591524;-0.1499504;0.7186499
4478069059;41.17506;-8.591128;-0.1499435;0.7186404
4478069060;41.17517;-8.590857;-0.1499387;0.7186422
4478085704;41.175;-8.588453;-0.1498968;0.7186394
4478085707;41.17506;-8.588429;-0.1498964;0.7186403
4478085709;41.175;-8.589176;-0.1499094;0.7186393
4478087287;41.17463;-8.589024;-0.1499067;0.7186328
4478087288;41.17457;-8.588664;-0.1499005;0.7186318
4478129136;41.17778;-8.588649;-0.1499002;0.7186878
4478129137;41.17765;-8.58833;-0.1498946;0.7186856
4478129138;41.17764;-8.587987;-0.1498886;0.7186854
4492974709;41.18111;-8.583903;-0.1498174;0.718746
4492974710;41.18115;-8.58386;-0.1498166;0.7187467
4494940775;41.18284;-8.58989;-0.1499218;0.7187761
4494940776;41.18279;-8.589908;-0.1499222;0.7187753
4494940777;41.18289;-8.589864;-0.1499214;0.7187771
4494940782;41.18258;-8.590931;-0.14994;0.7187715
4494940783;41.18237;-8.590941;-0.1499402;0.7187679
4494940784;41.18254;-8.590847;-0.1499386;0.718771
4494940785;41.18216;-8.59097;-0.1499407;0.7187644
4494940786;41.18146;-8.590987;-0.149941;0.7187521
4494940787;41.18051;-8.59061;-0.1499344;0.7187355
4494940788;41.18052;-8.590536;-0.1499331;0.7187357
4494941189;41.18027;-8.590057;-0.1499248;0.7187312
4494941190;41.18047;-8.590593;-0.1499341;0.7187347
4494941191;41.18075;-8.590676;-0.1499356;0.7187396
4494941192;41.18158;-8.590921;-0.1499399;0.7187541
4494941193;41.18159;-8.590834;-0.1499383;0.7187544
4495896928;41.18145;-8.583989;-0.1498189;0.718752
4495896929;41.18145;-8.583938;-0.149818;0.7187518
4495897261;41.18023;-8.589655;-0.1499178;0.7187305
4495897262;41.18017;-8.589596;-0.1499167;0.7187295
4495897263;41.18019;-8.589601;-0.1499168;0.7187299
4495897264;41.18022;-8.589636;-0.1499174;0.7187304
4495897265;41.18029;-8.589583;-0.1499165;0.7187316
4495897266;41.18027;-8.589534;-0.1499157;0.7187314
4495897267;41.18022;-8.589491;-0.1499149;0.7187304
4495897268;41.18023;-8.589493;-0.1499149;0.7187306
4495897269;41.18026;-8.589514;-0.1499153;0.7187311
4495897270;41.18019;-8.58949;-0.1499149;0.7187299
4496009451;41.18224;-8.591064;-0.1499424;0.7187657
4501342452;41.18082;-8.588838;-0.1499035;0.7187409
4501342453;41.18089;-8.58873;-0.1499016;0.7187421
4501342454;41.18085;-8.588804;-0.1499029;0.7187414
4503222507;41.18065;-8.591352;-0.1499474;0.718738
4503222514;41.182;-8.590424;-0.1499312;0.7187616
4505174781;41.17651;-8.587818;-0.1498857;0.7186656
4517268075;41.17654;-8.598207;-0.150067;0.7186662
4517268078;41.17719;-8.5995;-0.1500896;0.7186775
4517268293;41.17729;-8.597799;-0.1500599;0.7186792
4517268307;41.17728;-8.597468;-0.1500541;0.7186791
4517268308;41.17651;-8.596461;-0.1500366;0.7186656
4517268309;41.17647;-8.596455;-0.1500364;0.7186649
4517268310;41.17751;-8.598208;-0.150067;0.7186832
4517268311;41.17676;-8.598598;-0.1500738;0.7186701
4517268312;41.17666;-8.598651;-0.1500748;0.7186683
4517268326;41.1772;-8.597161;-0.1500488;0.7186777
4517268343;41.17643;-8.596256;-0.150033;0.7186642
4517268344;41.17623;-8.596456;-0.1500365;0.7186608
4517268345;41.17642;-8.595971;-0.150028;0.7186641
4517268346;41.17613;-8.595688;-0.1500231;0.718659
4517268349;41.1763;-8.596381;-0.1500352;0.7186621
4517268356;41.17631;-8.596456;-0.1500365;0.7186621
4517268358;41.17676;-8.597303;-0.1500513;0.71867
4517268359;41.17603;-8.595365;-0.1500174;0.7186574
4517268360;41.17606;-8.595268;-0.1500157;0.7186578
4517268361;41.17606;-8.594771;-0.1500071;0.7186579
4517268362;41.17596;-8.594672;-0.1500053;0.7186561
4517268363;41.17584;-8.594348;-0.1499997;0.718654
4517268364;41.17571;-8.594155;-0.1499963;0.7186517
4517268365;41.17558;-8.594027;-0.1499941;0.7186495
4517268370;41.17484;-8.603831;-0.1501652;0.7186365
4517268371;41.17485;-8.603425;-0.1501581;0.7186368
4517268372;41.17532;-8.602314;-0.1501387;0.7186449
4517268373;41.17609;-8.605498;-0.1501943;0.7186583
4523942704;41.17573;-8.601116;-0.1501178;0.7186521
4523942705;41.17572;-8.601051;-0.1501167;0.7186519
4523942706;41.17573;-8.600984;-0.1501155;0.718652
4523942707;41.17576;-8.600918;-0.1501143;0.7186525
4523942708;41.17591;-8.600757;-0.1501115;0.7186552
4523942709;41.1752;-8.600564;-0.1501082;0.7186428
4523942710;41.17517;-8.600462;-0.1501064;0.7186423
4523942711;41.17516;-8.600369;-0.1501048;0.7186421
4523942712;41.17516;-8.600272;-0.1501031;0.7186421
4523942713;41.17516;-8.600176;-0.1501014;0.7186422
4523942718;41.17585;-8.60166;-0.1501273;0.7186542
4523942720;41.1762;-8.601657;-0.1501272;0.7186604
4523942721;41.17608;-8.601531;-0.150125;0.7186582
4523960189;41.17788;-8.599272;-0.1500856;0.7186896
4523960190;41.17761;-8.598317;-0.1500689;0.7186849
4523960191;41.17763;-8.598185;-0.1500666;0.7186852
4523960193;41.17604;-8.595599;-0.1500215;0.7186576
4526607816;41.17553;-8.607653;-0.1502319;0.7186486
4534707505;41.17785;-8.59918;-0.150084;0.7186891
4566736207;41.17966;-8.589639;-0.1499175;0.7187207
4566736210;41.17966;-8.591022;-0.1499416;0.7187206
4566736211;41.17968;-8.5911;-0.149943;0.7187209
4566736212;41.17967;-8.591177;-0.1499443;0.7187208
4566736213;41.17963;-8.591287;-0.1499462;0.7187201
4566736214;41.17959;-8.59136;-0.1499475;0.7187194
4566736215;41.17954;-8.591409;-0.1499484;0.7187186
4566736216;41.17884;-8.592125;-0.1499609;0.7187063
4566736217;41.17874;-8.592173;-0.1499617;0.7187046
4566736218;41.17876;-8.592175;-0.1499617;0.718705
4566736219;41.17879;-8.592164;-0.1499615;0.7187055
4566736220;41.17881;-8.592142;-0.1499612;0.7187059
4566736221;41.17772;-8.591926;-0.1499574;0.7186867
4566736222;41.1777;-8.592035;-0.1499593;0.7186865
4566736223;41.17768;-8.592117;-0.1499607;0.718686
4566736224;41.17763;-8.592188;-0.149962;0.7186853
4566736225;41.17759;-8.592234;-0.1499628;0.7186844
4566797414;41.17499;-8.60052;-0.1501074;0.7186392
4566797415;41.17505;-8.600427;-0.1501058;0.7186403
4566797416;41.17507;-8.600366;-0.1501047;0.7186405
4566797417;41.17507;-8.600302;-0.1501036;0.7186406
4566797418;41.17507;-8.600239;-0.1501025;0.7186406
4566797419;41.17508;-8.600184;-0.1501015;0.7186407
4566797420;41.17509;-8.600131;-0.1501006;0.718641
4566797421;41.17513;-8.600025;-0.1500988;0.7186416
4566797441;41.17469;-8.598089;-0.150065;0.718634
4566797442;41.17482;-8.59815;-0.150066;0.7186361
4566797443;41.1742;-8.597795;-0.1500598;0.7186254
4566797444;41.17417;-8.5978;-0.1500599;0.7186248
4566797445;41.17413;-8.597842;-0.1500607;0.7186241
4566797446;41.17409;-8.597894;-0.1500615;0.7186234
4566797447;41.17405;-8.597915;-0.1500619;0.7186227
4566797448;41.17398;-8.597919;-0.150062;0.7186216
4566797449;41.17287;-8.597263;-0.1500506;0.7186021
4566797450;41.17244;-8.597005;-0.150046;0.7185946
4566797451;41.17413;-8.597467;-0.1500541;0.7186242
4566797452;41.17362;-8.597444;-0.1500537;0.7186152
4566797453;41.17415;-8.59748;-0.1500543;0.7186245
4566797454;41.17342;-8.597332;-0.1500518;0.7186118
4566797455;41.1733;-8.597131;-0.1500482;0.7186097
4566797456;41.17326;-8.597083;-0.1500474;0.718609
4566797457;41.17323;-8.597062;-0.150047;0.7186083
4566797458;41.17319;-8.597057;-0.150047;0.7186077
4566797459;41.17316;-8.597056;-0.1500469;0.7186071
4566797460;41.17294;-8.597067;-0.1500471;0.7186034
4566797461;41.17251;-8.596788;-0.1500423;0.7185959
4573526560;41.17298;-8.589338;-0.1499122;0.718604
4573598276;41.17566;-8.60768;-0.1502324;0.7186508
4573598285;41.17575;-8.607688;-0.1502325;0.7186525
4573598286;41.17604;-8.607658;-0.150232;0.7186575
4573598489;41.17683;-8.602284;-0.1501382;0.7186713
4573598490;41.1768;-8.602056;-0.1501342;0.7186708
4573598491;41.1729;-8.598998;-0.1500808;0.7186027
4573598492;41.17234;-8.598664;-0.150075;0.7185929
4573598493;41.17606;-8.594933;-0.1500099;0.7186578
4573598494;41.17612;-8.594796;-0.1500075;0.7186588
4573598495;41.17617;-8.594707;-0.1500059;0.7186598
4573598496;41.17624;-8.594568;-0.1500035;0.7186609
4573598497;41.17632;-8.594442;-0.1500013;0.7186623
4573598498;41.17638;-8.594268;-0.1499983;0.7186633
4573598499;41.17645;-8.594007;-0.1499937;0.7186646
4573598500;41.17651;-8.59378;-0.1499898;0.7186657
4573598501;41.17656;-8.593744;-0.1499891;0.7186666
4573598502;41.17665;-8.593726;-0.1499888;0.7186682
4573598503;41.17682;-8.59372;-0.1499887;0.718671
4573598504;41.17686;-8.593691;-0.1499882;0.7186719
4573598505;41.17316;-8.59529;-0.1500161;0.7186072
4573598506;41.17373;-8.594995;-0.150011;0.7186171
4573598507;41.17438;-8.594624;-0.1500045;0.7186285
4573598508;41.17448;-8.594562;-0.1500034;0.7186302
4573598509;41.17664;-8.593186;-0.1499794;0.7186679
4573598510;41.17664;-8.593071;-0.1499774;0.7186679
4573598511;41.17664;-8.59294;-0.1499751;0.718668
4573598512;41.17667;-8.592766;-0.1499721;0.7186684
4573598513;41.1767;-8.592602;-0.1499692;0.718669
4573598514;41.17675;-8.592325;-0.1499644;0.7186698
4573598515;41.17681;-8.59205;-0.1499595;0.7186709
4573598516;41.17682;-8.591846;-0.149956;0.7186711
4573598517;41.17684;-8.591674;-0.149953;0.7186714
4573598518;41.17685;-8.591516;-0.1499502;0.7186716
4590506319;41.17392;-8.60067;-0.15011;0.7186204
4590506320;41.17383;-8.601048;-0.1501166;0.7186189
4590506321;41.17304;-8.600925;-0.1501145;0.7186052
4590506322;41.17289;-8.600613;-0.150109;0.7186025
4590506323;41.17272;-8.600596;-0.1501087;0.7185996
4590506324;41.1725;-8.600739;-0.1501112;0.7185956
4590506325;41.17249;-8.601267;-0.1501204;0.7185955
4590506326;41.17264;-8.601275;-0.1501206;0.7185982
4718388067;41.17425;-8.607043;-0.1502212;0.7186263
4718388068;41.17463;-8.605883;-0.150201;0.7186329
4718388069;41.17466;-8.605899;-0.1502013;0.7186335
4718388070;41.1747;-8.605899;-0.1502013;0.7186341
4718388071;41.1748;-8.605883;-0.150201;0.7186358
4718388072;41.1749;-8.605883;-0.150201;0.7186375
4718388073;41.17495;-8.605883;-0.150201;0.7186384
4718388074;41.17498;-8.605911;-0.1502015;0.718639
4718388075;41.175;-8.605947;-0.1502021;0.7186393
4718388076;41.175;-8.605996;-0.150203;0.7186393
4718388077;41.17498;-8.60605;-0.1502039;0.718639
4718388078;41.17492;-8.606151;-0.1502057;0.7186379
4718388079;41.17487;-8.60624;-0.1502072;0.718637
4718388080;41.17485;-8.606321;-0.1502086;0.7186368
4718388081;41.17485;-8.606375;-0.1502096;0.7186366
4718388082;41.17484;-8.606409;-0.1502102;0.7186366
4718388083;41.17483;-8.606464;-0.1502111;0.7186363
4718388084;41.17477;-8.606592;-0.1502134;0.7186353
4718388085;41.17503;-8.605913;-0.1502015;0.7186399
4718388086;41.1751;-8.605893;-0.1502012;0.718641
4718388087;41.17593;-8.605899;-0.1502013;0.7186555
4718388088;41.17614;-8.605308;-0.1501909;0.7186592
4718388289;41.17629;-8.604067;-0.1501693;0.7186619
4718388290;41.17633;-8.604033;-0.1501687;0.7186626
4718388481;41.17519;-8.600064;-0.1500994;0.7186427
4720663314;41.1715;-8.598467;-0.1500716;0.7185782
4720708097;41.17004;-8.592149;-0.1499613;0.7185528
4724823848;41.17333;-8.6079;-0.1502362;0.7186102
4731603466;41.17147;-8.605812;-0.1501998;0.7185777
4731603468;41.1725;-8.604975;-0.1501851;0.7185956
4731603469;41.17126;-8.604682;-0.15018;0.718574
4731603470;41.17152;-8.604474;-0.1501764;0.7185785
4731623572;41.17145;-8.594318;-0.1499992;0.7185773
4737169812;41.17372;-8.605658;-0.1501971;0.718617
